run_id,snapshot_hour_utc,captured_at_utc,viewer_mode,vantage_id,post_uri,post_cid,label_src,label_val,label_neg,label_uri,label_cts
98d2acba98094e80b7bacd6ce8bf2e09,2026-02-27T17:00:00Z,2026-02-27T17:16:57Z,auth,auth_enUS_labelerexp,at://did:plc:quvzpmbxvftn4hemry6utjn2/app.bsky.feed.post/3mftuvbqx7g2c,bafyreig67jhnkl25p46nm752eultbvndise2osreebfbwhdxdn4ltea36i,did:plc:l624mewisyr6hymexmrjkprc,writer,,did:plc:quvzpmbxvftn4hemry6utjn2,2024-11-30T14:23:23.913Z
98d2acba98094e80b7bacd6ce8bf2e09,2026-02-27T17:00:00Z,2026-02-27T17:16:57Z,auth,auth_enUS_labelerexp,at://did:plc:ry3xvnk74hvxkfywwzfxrnuk/app.bsky.feed.post/3mfttgy5e3s2h,bafyreibbwnzie5j6sz523usthh44hpjmrauhadwo5mksz4xtccbcgilc64,did:plc:uac6er53o2pvr5y2qmvaf7hw,meta-link,,at://did:plc:ry3xvnk74hvxkfywwzfxrnuk/app.bsky.feed.post/3mfttgy5e3s2h,2026-02-27T13:38:29.676Z
98d2acba98094e80b7bacd6ce8bf2e09,2026-02-27T17:00:00Z,2026-02-27T17:16:57Z,auth,auth_enUS_labelerexp,at://did:plc:m2oxy3vjdnosrqytbflro3yy/app.bsky.feed.post/3mfrkobzsl32f,bafyreiagj6fggvt3hpa67beqerrrqejdadprm7rsk6t3cspvyfmajzzm4y,did:plc:m2oxy3vjdnosrqytbflro3yy,!no-unauthenticated,,at://did:plc:m2oxy3vjdnosrqytbflro3yy/app.bsky.actor.profile/self,1970-01-01T00:00:00.000Z
98d2acba98094e80b7bacd6ce8bf2e09,2026-02-27T17:00:00Z,2026-02-27T17:16:57Z,auth,auth_enUS_labelerexp,at://did:plc:m2oxy3vjdnosrqytbflro3yy/app.bsky.feed.post/3mfosrkoqpk2b,bafyreianw46nuhhhvboj2bgnn3y7th2hgig6kashi7rbjqbbj5pjofeibm,did:plc:m2oxy3vjdnosrqytbflro3yy,!no-unauthenticated,,at://did:plc:m2oxy3vjdnosrqytbflro3yy/app.bsky.actor.profile/self,1970-01-01T00:00:00.000Z
98d2acba98094e80b7bacd6ce8bf2e09,2026-02-27T17:00:00Z,2026-02-27T17:16:58Z,auth,auth_enUS_labelerexp,at://did:plc:w3azqtazejds4bc6ruqazpnf/app.bsky.feed.post/3mfu7klmcic2q,bafyreibxpeov7p6t4uo2jarnrmyfexefxzgglwquhc2wdvdmarn4jg47zu,did:plc:ar7c4by46qjdydhdevvrndac,needs-review,,did:plc:w3azqtazejds4bc6ruqazpnf,2026-02-25T11:11:24.006Z
98d2acba98094e80b7bacd6ce8bf2e09,2026-02-27T17:00:00Z,2026-02-27T17:16:58Z,auth,auth_enUS_labelerexp,at://did:plc:do3gilwybvlxok2vuw66mkqo/app.bsky.feed.post/3mfu7fl5mw22z,bafyreigt7lz74fq7twdjr2b4ug35cgfsp4zidmnu4zz44excaxh4snvixe,did:plc:l624mewisyr6hymexmrjkprc,animator,,did:plc:do3gilwybvlxok2vuw66mkqo,2025-05-02T00:05:18.627Z
98d2acba98094e80b7bacd6ce8bf2e09,2026-02-27T17:00:00Z,2026-02-27T17:16:58Z,auth,auth_enUS_labelerexp,at://did:plc:do3gilwybvlxok2vuw66mkqo/app.bsky.feed.post/3mfu7fl5mw22z,bafyreigt7lz74fq7twdjr2b4ug35cgfsp4zidmnu4zz44excaxh4snvixe,did:plc:l624mewisyr6hymexmrjkprc,artistdesigner,,did:plc:do3gilwybvlxok2vuw66mkqo,2025-05-02T00:05:18.973Z
98d2acba98094e80b7bacd6ce8bf2e09,2026-02-27T17:00:00Z,2026-02-27T17:16:58Z,auth,auth_enUS_labelerexp,at://did:plc:do3gilwybvlxok2vuw66mkqo/app.bsky.feed.post/3mfu7fl5mw22z,bafyreigt7lz74fq7twdjr2b4ug35cgfsp4zidmnu4zz44excaxh4snvixe,did:plc:l624mewisyr6hymexmrjkprc,l-justvtuber,,did:plc:do3gilwybvlxok2vuw66mkqo,2025-05-02T00:05:08.716Z
98d2acba98094e80b7bacd6ce8bf2e09,2026-02-27T17:00:00Z,2026-02-27T17:16:58Z,auth,auth_enUS_labelerexp,at://did:plc:do3gilwybvlxok2vuw66mkqo/app.bsky.feed.post/3mfu7fl5mw22z,bafyreigt7lz74fq7twdjr2b4ug35cgfsp4zidmnu4zz44excaxh4snvixe,did:plc:l624mewisyr6hymexmrjkprc,singer,,did:plc:do3gilwybvlxok2vuw66mkqo,2025-05-02T00:05:13.487Z
98d2acba98094e80b7bacd6ce8bf2e09,2026-02-27T17:00:00Z,2026-02-27T17:16:58Z,auth,auth_enUS_labelerexp,at://did:plc:do3gilwybvlxok2vuw66mkqo/app.bsky.feed.post/3mfu7fl5mw22z,bafyreigt7lz74fq7twdjr2b4ug35cgfsp4zidmnu4zz44excaxh4snvixe,did:plc:l624mewisyr6hymexmrjkprc,streamer,,did:plc:do3gilwybvlxok2vuw66mkqo,2025-05-02T00:04:59.909Z
98d2acba98094e80b7bacd6ce8bf2e09,2026-02-27T17:00:00Z,2026-02-27T17:16:58Z,auth,auth_enUS_labelerexp,at://did:plc:do3gilwybvlxok2vuw66mkqo/app.bsky.feed.post/3mfu7fl5mw22z,bafyreigt7lz74fq7twdjr2b4ug35cgfsp4zidmnu4zz44excaxh4snvixe,did:plc:l624mewisyr6hymexmrjkprc,voiceactor,,did:plc:do3gilwybvlxok2vuw66mkqo,2025-05-02T00:05:03.431Z
98d2acba98094e80b7bacd6ce8bf2e09,2026-02-27T17:00:00Z,2026-02-27T17:16:58Z,auth,auth_enUS_labelerexp,at://did:plc:etaltvlh2kyxn7xo7ax5on2y/app.bsky.feed.post/3mfu7dga4qk2g,bafyreifkum7v54stbgfj2cnubyyqlqhelepors634txi6qqy6asxcsn2dy,did:plc:ar7c4by46qjdydhdevvrndac,needs-review,,did:plc:etaltvlh2kyxn7xo7ax5on2y,2026-02-27T17:14:30.353Z
98d2acba98094e80b7bacd6ce8bf2e09,2026-02-27T17:00:00Z,2026-02-27T17:16:58Z,auth,auth_enUS_labelerexp,at://did:plc:2ca7f4m5dsfiws3edvvi5vzi/app.bsky.feed.post/3mfu7cc4jas27,bafyreif7j2po6rhqvuiapu2wynapqlbij3ixtevq6e6jz6olwns25edvvu,did:plc:2ca7f4m5dsfiws3edvvi5vzi,!no-unauthenticated,,at://did:plc:2ca7f4m5dsfiws3edvvi5vzi/app.bsky.actor.profile/self,2024-10-22T04:00:53.231Z
98d2acba98094e80b7bacd6ce8bf2e09,2026-02-27T17:00:00Z,2026-02-27T17:16:58Z,auth,auth_enUS_labelerexp,at://did:plc:t2yszxhchmo6zfproicwx3yh/app.bsky.feed.post/3mfu72hqmfc27,bafyreieo4ohvffhdcxgshpje2hcsnxnwzmcnp745jnehi3pj2tdb567jey,did:plc:l624mewisyr6hymexmrjkprc,streamer,,did:plc:t2yszxhchmo6zfproicwx3yh,2024-10-20T20:39:56.526Z
98d2acba98094e80b7bacd6ce8bf2e09,2026-02-27T17:00:00Z,2026-02-27T17:16:58Z,auth,auth_enUS_labelerexp,at://did:plc:zfakg2tqbrhm6uzjo4qiwuat/app.bsky.feed.post/3mfu6vn4fmk2n,bafyreif3lvmvnll62blu3cygmphymbnjef5cxrlipizzohhaim47lrhhmy,did:plc:ar7c4by46qjdydhdevvrndac,needs-review,,did:plc:zfakg2tqbrhm6uzjo4qiwuat,2026-02-27T16:22:31.848Z
98d2acba98094e80b7bacd6ce8bf2e09,2026-02-27T17:00:00Z,2026-02-27T17:16:58Z,auth,auth_enUS_labelerexp,at://did:plc:jhjzkg5zyhi6ygm7gq6frx5a/app.bsky.feed.post/3mfu6upema22g,bafyreigwhceb7y5uoh76zm3rmdeqohlmbfkxacm3h6mg3tc6kneizjrzjm,did:plc:uac6er53o2pvr5y2qmvaf7hw,x-link,,at://did:plc:jhjzkg5zyhi6ygm7gq6frx5a/app.bsky.actor.profile/self,2026-02-22T14:15:48.649Z
98d2acba98094e80b7bacd6ce8bf2e09,2026-02-27T17:00:00Z,2026-02-27T17:16:58Z,auth,auth_enUS_labelerexp,at://did:plc:6cziujpz6ktfedczjbum5lob/app.bsky.feed.post/3mfu6u3p6yc2y,bafyreigadrhmcylzz6p44j2iava6j46vdhwljrv2h4jd5idcoradlv6n5u,did:plc:l624mewisyr6hymexmrjkprc,l-cosplay,,did:plc:6cziujpz6ktfedczjbum5lob,2024-11-05T23:35:22.376Z
98d2acba98094e80b7bacd6ce8bf2e09,2026-02-27T17:00:00Z,2026-02-27T17:16:58Z,auth,auth_enUS_labelerexp,at://did:plc:6cziujpz6ktfedczjbum5lob/app.bsky.feed.post/3mfu6u3p6yc2y,bafyreigadrhmcylzz6p44j2iava6j46vdhwljrv2h4jd5idcoradlv6n5u,did:plc:l624mewisyr6hymexmrjkprc,label-podcast,,did:plc:6cziujpz6ktfedczjbum5lob,2025-05-15T15:41:48.620Z
98d2acba98094e80b7bacd6ce8bf2e09,2026-02-27T17:00:00Z,2026-02-27T17:16:58Z,auth,auth_enUS_labelerexp,at://did:plc:6cziujpz6ktfedczjbum5lob/app.bsky.feed.post/3mfu6u3p6yc2y,bafyreigadrhmcylzz6p44j2iava6j46vdhwljrv2h4jd5idcoradlv6n5u,did:plc:l624mewisyr6hymexmrjkprc,streamer,,did:plc:6cziujpz6ktfedczjbum5lob,2024-10-20T04:57:06.119Z
98d2acba98094e80b7bacd6ce8bf2e09,2026-02-27T17:00:00Z,2026-02-27T17:16:58Z,auth,auth_enUS_labelerexp,at://did:plc:6cziujpz6ktfedczjbum5lob/app.bsky.feed.post/3mfu6u3p6yc2y,bafyreigadrhmcylzz6p44j2iava6j46vdhwljrv2h4jd5idcoradlv6n5u,did:plc:l624mewisyr6hymexmrjkprc,writer,,did:plc:6cziujpz6ktfedczjbum5lob,2024-10-20T04:57:10.926Z
98d2acba98094e80b7bacd6ce8bf2e09,2026-02-27T17:00:00Z,2026-02-27T17:16:58Z,auth,auth_enUS_labelerexp,at://did:plc:6cziujpz6ktfedczjbum5lob/app.bsky.feed.post/3mfu6u3p6yc2y,bafyreigadrhmcylzz6p44j2iava6j46vdhwljrv2h4jd5idcoradlv6n5u,did:plc:6cziujpz6ktfedczjbum5lob,!no-unauthenticated,,at://did:plc:6cziujpz6ktfedczjbum5lob/app.bsky.actor.profile/self,1970-01-01T00:00:00.000Z
98d2acba98094e80b7bacd6ce8bf2e09,2026-02-27T17:00:00Z,2026-02-27T17:16:58Z,auth,auth_enUS_labelerexp,at://did:plc:vlr6fz3objiclj2dxmjp6ita/app.bsky.feed.post/3mfu6syd2hs2k,bafyreih7bju2nhklnyuru4j5fwwj7xbtu7w4skdfrmmpyvnrrs3dxv3bgy,did:plc:vlr6fz3objiclj2dxmjp6ita,!no-unauthenticated,,at://did:plc:vlr6fz3objiclj2dxmjp6ita/app.bsky.actor.profile/self,2024-10-17T00:12:50.147Z
98d2acba98094e80b7bacd6ce8bf2e09,2026-02-27T17:00:00Z,2026-02-27T17:16:59Z,auth,auth_enUS_labelerexp,at://did:plc:wr5jbjnpqxkza75vl45asgxv/app.bsky.feed.post/3mfu7a2yqzs26,bafyreiesxn2qr3jqil6fyc6nppdpgq55an7rwxuewx26nesjsmoh435kzq,did:plc:wr5jbjnpqxkza75vl45asgxv,!no-unauthenticated,,at://did:plc:wr5jbjnpqxkza75vl45asgxv/app.bsky.actor.profile/self,1970-01-01T00:00:00.000Z
98d2acba98094e80b7bacd6ce8bf2e09,2026-02-27T17:00:00Z,2026-02-27T17:16:59Z,auth,auth_enUS_labelerexp,at://did:plc:nykuit7r6ou4r3izd4zz6qck/app.bsky.feed.post/3mfu77pllic22,bafyreidpumtqolt4drnkpb6jazobu3divum5krk5upisbhu42swzne3faq,did:plc:l624mewisyr6hymexmrjkprc,l-justvtuber,,did:plc:nykuit7r6ou4r3izd4zz6qck,2024-10-20T06:53:13.733Z
98d2acba98094e80b7bacd6ce8bf2e09,2026-02-27T17:00:00Z,2026-02-27T17:16:59Z,auth,auth_enUS_labelerexp,at://did:plc:ugn3jaoj6eq5lpn3wr7mkl6e/app.bsky.feed.post/3mfu76hlfo22q,bafyreicb6zadtmusn66bkrfztjfkxfcaoyf3nfs4hozrotfsjl55ioiuva,did:plc:uac6er53o2pvr5y2qmvaf7hw,tiktok-link,,at://did:plc:ugn3jaoj6eq5lpn3wr7mkl6e/app.bsky.actor.profile/self,2025-07-01T08:48:41.350Z
98d2acba98094e80b7bacd6ce8bf2e09,2026-02-27T17:00:00Z,2026-02-27T17:16:59Z,auth,auth_enUS_labelerexp,at://did:plc:s35geyvnfvqb4unukix7az7c/app.bsky.feed.post/3mfu742kjos2k,bafyreicj7lrx2y7sxwnxbvihacfwyhzziamclozxsjtyi3gq65hgnmx5we,did:plc:l624mewisyr6hymexmrjkprc,l-videoeditor,,did:plc:s35geyvnfvqb4unukix7az7c,2024-11-15T19:57:54.189Z
98d2acba98094e80b7bacd6ce8bf2e09,2026-02-27T17:00:00Z,2026-02-27T17:16:59Z,auth,auth_enUS_labelerexp,at://did:plc:ktaajpnq4ow3ud4l55qcgqgn/app.bsky.feed.post/3mfu73jiglb2a,bafyreigd6era37so5vayqdngiuqbelapwmo3ajbcbxzktkoqerhn6smmu4,did:plc:l624mewisyr6hymexmrjkprc,artistdesigner,,did:plc:ktaajpnq4ow3ud4l55qcgqgn,2024-10-20T21:38:45.515Z
98d2acba98094e80b7bacd6ce8bf2e09,2026-02-27T17:00:00Z,2026-02-27T17:16:59Z,auth,auth_enUS_labelerexp,at://did:plc:ktaajpnq4ow3ud4l55qcgqgn/app.bsky.feed.post/3mfu73jiglb2a,bafyreigd6era37so5vayqdngiuqbelapwmo3ajbcbxzktkoqerhn6smmu4,did:plc:l624mewisyr6hymexmrjkprc,l-justvtuber,,did:plc:ktaajpnq4ow3ud4l55qcgqgn,2024-10-20T21:38:54.996Z
98d2acba98094e80b7bacd6ce8bf2e09,2026-02-27T17:00:00Z,2026-02-27T17:16:59Z,auth,auth_enUS_labelerexp,at://did:plc:ktaajpnq4ow3ud4l55qcgqgn/app.bsky.feed.post/3mfu73jiglb2a,bafyreigd6era37so5vayqdngiuqbelapwmo3ajbcbxzktkoqerhn6smmu4,did:plc:l624mewisyr6hymexmrjkprc,streamer,,did:plc:ktaajpnq4ow3ud4l55qcgqgn,2024-10-20T21:38:49.868Z
98d2acba98094e80b7bacd6ce8bf2e09,2026-02-27T17:00:00Z,2026-02-27T17:16:59Z,auth,auth_enUS_labelerexp,at://did:plc:ktaajpnq4ow3ud4l55qcgqgn/app.bsky.feed.post/3mfu73jiglb2a,bafyreigd6era37so5vayqdngiuqbelapwmo3ajbcbxzktkoqerhn6smmu4,did:plc:ktaajpnq4ow3ud4l55qcgqgn,!no-unauthenticated,,at://did:plc:ktaajpnq4ow3ud4l55qcgqgn/app.bsky.actor.profile/self,2024-10-17T02:48:28.241Z
98d2acba98094e80b7bacd6ce8bf2e09,2026-02-27T17:00:00Z,2026-02-27T17:16:59Z,auth,auth_enUS_labelerexp,at://did:plc:a2mxskb3yjapxbupod7q6eyo/app.bsky.feed.post/3mfu6y7lonk2k,bafyreidw57xlrnb3kxkhyosbxg4x23dnpopd3b2bqtudtj7hxkmnms4kwi,did:plc:l624mewisyr6hymexmrjkprc,influencer,,did:plc:a2mxskb3yjapxbupod7q6eyo,2024-10-20T19:57:34.741Z
98d2acba98094e80b7bacd6ce8bf2e09,2026-02-27T17:00:00Z,2026-02-27T17:16:59Z,auth,auth_enUS_labelerexp,at://did:plc:a2mxskb3yjapxbupod7q6eyo/app.bsky.feed.post/3mfu6y7lonk2k,bafyreidw57xlrnb3kxkhyosbxg4x23dnpopd3b2bqtudtj7hxkmnms4kwi,did:plc:l624mewisyr6hymexmrjkprc,l-justvtuber,,did:plc:a2mxskb3yjapxbupod7q6eyo,2024-10-20T19:57:39.459Z
98d2acba98094e80b7bacd6ce8bf2e09,2026-02-27T17:00:00Z,2026-02-27T17:16:59Z,auth,auth_enUS_labelerexp,at://did:plc:a2mxskb3yjapxbupod7q6eyo/app.bsky.feed.post/3mfu6y7lonk2k,bafyreidw57xlrnb3kxkhyosbxg4x23dnpopd3b2bqtudtj7hxkmnms4kwi,did:plc:l624mewisyr6hymexmrjkprc,streamer,,did:plc:a2mxskb3yjapxbupod7q6eyo,2024-10-20T19:57:39.608Z
98d2acba98094e80b7bacd6ce8bf2e09,2026-02-27T17:00:00Z,2026-02-27T17:16:59Z,auth,auth_enUS_labelerexp,at://did:plc:a2mxskb3yjapxbupod7q6eyo/app.bsky.feed.post/3mfu6y7lonk2k,bafyreidw57xlrnb3kxkhyosbxg4x23dnpopd3b2bqtudtj7hxkmnms4kwi,did:plc:a2mxskb3yjapxbupod7q6eyo,!no-unauthenticated,,at://did:plc:a2mxskb3yjapxbupod7q6eyo/app.bsky.actor.profile/self,1970-01-01T00:00:00.000Z
98d2acba98094e80b7bacd6ce8bf2e09,2026-02-27T17:00:00Z,2026-02-27T17:16:59Z,auth,auth_enUS_labelerexp,at://did:plc:4shx46fa7p2u7hcma2b5tpjq/app.bsky.feed.post/3mfu6xkgxeq2k,bafyreiadggnlmfyltyvmpf4bknjp7jrfku4bewuts3i4pd6coq465v5yga,did:plc:uac6er53o2pvr5y2qmvaf7hw,blocks,,did:plc:4shx46fa7p2u7hcma2b5tpjq,2025-10-18T21:00:15.833Z
98d2acba98094e80b7bacd6ce8bf2e09,2026-02-27T17:00:00Z,2026-02-27T17:16:59Z,auth,auth_enUS_labelerexp,at://did:plc:4shx46fa7p2u7hcma2b5tpjq/app.bsky.feed.post/3mfu6xkgxeq2k,bafyreiadggnlmfyltyvmpf4bknjp7jrfku4bewuts3i4pd6coq465v5yga,did:plc:uac6er53o2pvr5y2qmvaf7hw,violent,,did:plc:4shx46fa7p2u7hcma2b5tpjq,2025-10-08T11:58:29.108Z
98d2acba98094e80b7bacd6ce8bf2e09,2026-02-27T17:00:00Z,2026-02-27T17:16:59Z,auth,auth_enUS_labelerexp,at://did:plc:4shx46fa7p2u7hcma2b5tpjq/app.bsky.feed.post/3mfu6xkgxeq2k,bafyreiadggnlmfyltyvmpf4bknjp7jrfku4bewuts3i4pd6coq465v5yga,did:plc:l624mewisyr6hymexmrjkprc,animator,,did:plc:4shx46fa7p2u7hcma2b5tpjq,2024-10-21T13:39:51.634Z
98d2acba98094e80b7bacd6ce8bf2e09,2026-02-27T17:00:00Z,2026-02-27T17:16:59Z,auth,auth_enUS_labelerexp,at://did:plc:4shx46fa7p2u7hcma2b5tpjq/app.bsky.feed.post/3mfu6xkgxeq2k,bafyreiadggnlmfyltyvmpf4bknjp7jrfku4bewuts3i4pd6coq465v5yga,did:plc:l624mewisyr6hymexmrjkprc,artistdesigner,,did:plc:4shx46fa7p2u7hcma2b5tpjq,2024-10-21T13:39:50.467Z
98d2acba98094e80b7bacd6ce8bf2e09,2026-02-27T17:00:00Z,2026-02-27T17:16:59Z,auth,auth_enUS_labelerexp,at://did:plc:4shx46fa7p2u7hcma2b5tpjq/app.bsky.feed.post/3mfu6xkgxeq2k,bafyreiadggnlmfyltyvmpf4bknjp7jrfku4bewuts3i4pd6coq465v5yga,did:plc:l624mewisyr6hymexmrjkprc,l-justvtuber,,did:plc:4shx46fa7p2u7hcma2b5tpjq,2024-10-21T13:40:06.962Z
98d2acba98094e80b7bacd6ce8bf2e09,2026-02-27T17:00:00Z,2026-02-27T17:16:59Z,auth,auth_enUS_labelerexp,at://did:plc:4shx46fa7p2u7hcma2b5tpjq/app.bsky.feed.post/3mfu6xkgxeq2k,bafyreiadggnlmfyltyvmpf4bknjp7jrfku4bewuts3i4pd6coq465v5yga,did:plc:l624mewisyr6hymexmrjkprc,streamer,,did:plc:4shx46fa7p2u7hcma2b5tpjq,2024-10-21T13:39:57.416Z
98d2acba98094e80b7bacd6ce8bf2e09,2026-02-27T17:00:00Z,2026-02-27T17:16:59Z,auth,auth_enUS_labelerexp,at://did:plc:nxsvmieuptepytatywyyodx6/app.bsky.feed.post/3mfu6vgjkz42h,bafyreigiju24qepjiy66vm5mwu6pp3apsvejq7e5aytbgiitqpsiwghqky,did:plc:nxsvmieuptepytatywyyodx6,!no-unauthenticated,,at://did:plc:nxsvmieuptepytatywyyodx6/app.bsky.actor.profile/self,2024-10-20T08:33:33.162Z
98d2acba98094e80b7bacd6ce8bf2e09,2026-02-27T17:00:00Z,2026-02-27T17:16:59Z,auth,auth_enUS_labelerexp,at://did:plc:riws4oc6pbwn6qj4gb5kiu4r/app.bsky.feed.post/3mfu6uvo4672c,bafyreihofibkrdy3fi66tmbg64656gtwmvpjagxscbmp5btoz24e75q2d4,did:plc:l624mewisyr6hymexmrjkprc,l-justvtuber,,did:plc:riws4oc6pbwn6qj4gb5kiu4r,2024-10-21T11:08:36.495Z
98d2acba98094e80b7bacd6ce8bf2e09,2026-02-27T17:00:00Z,2026-02-27T17:16:59Z,auth,auth_enUS_labelerexp,at://did:plc:riws4oc6pbwn6qj4gb5kiu4r/app.bsky.feed.post/3mfu6uvo4672c,bafyreihofibkrdy3fi66tmbg64656gtwmvpjagxscbmp5btoz24e75q2d4,did:plc:l624mewisyr6hymexmrjkprc,streamer,,did:plc:riws4oc6pbwn6qj4gb5kiu4r,2024-10-21T11:27:01.500Z
98d2acba98094e80b7bacd6ce8bf2e09,2026-02-27T17:00:00Z,2026-02-27T17:16:59Z,auth,auth_enUS_labelerexp,at://did:plc:kyx2buqsfpey7n5g5gmzxkbo/app.bsky.feed.post/3mfu6trdvgc2k,bafyreifiqwycd6sn74yo2thegmjtf4ptc2lzastvxefa25z6da5jpky3ay,did:plc:l624mewisyr6hymexmrjkprc,l-game-reviewer,,did:plc:kyx2buqsfpey7n5g5gmzxkbo,2024-10-20T15:58:28.615Z
98d2acba98094e80b7bacd6ce8bf2e09,2026-02-27T17:00:00Z,2026-02-27T17:16:59Z,auth,auth_enUS_labelerexp,at://did:plc:kyx2buqsfpey7n5g5gmzxkbo/app.bsky.feed.post/3mfu6trdvgc2k,bafyreifiqwycd6sn74yo2thegmjtf4ptc2lzastvxefa25z6da5jpky3ay,did:plc:l624mewisyr6hymexmrjkprc,l-justvtuber,,did:plc:kyx2buqsfpey7n5g5gmzxkbo,2024-10-20T15:58:43.229Z
98d2acba98094e80b7bacd6ce8bf2e09,2026-02-27T17:00:00Z,2026-02-27T17:16:59Z,auth,auth_enUS_labelerexp,at://did:plc:kyx2buqsfpey7n5g5gmzxkbo/app.bsky.feed.post/3mfu6trdvgc2k,bafyreifiqwycd6sn74yo2thegmjtf4ptc2lzastvxefa25z6da5jpky3ay,did:plc:l624mewisyr6hymexmrjkprc,streamer,,did:plc:kyx2buqsfpey7n5g5gmzxkbo,2024-10-20T15:58:33.477Z
98d2acba98094e80b7bacd6ce8bf2e09,2026-02-27T17:00:00Z,2026-02-27T17:16:59Z,auth,auth_enUS_labelerexp,at://did:plc:kyx2buqsfpey7n5g5gmzxkbo/app.bsky.feed.post/3mfu6trdvgc2k,bafyreifiqwycd6sn74yo2thegmjtf4ptc2lzastvxefa25z6da5jpky3ay,did:plc:l624mewisyr6hymexmrjkprc,vstreamer,,did:plc:kyx2buqsfpey7n5g5gmzxkbo,2024-10-20T15:58:38.199Z
98d2acba98094e80b7bacd6ce8bf2e09,2026-02-27T17:00:00Z,2026-02-27T17:16:59Z,auth,auth_enUS_labelerexp,at://did:plc:kyx2buqsfpey7n5g5gmzxkbo/app.bsky.feed.post/3mfu6trdvgc2k,bafyreifiqwycd6sn74yo2thegmjtf4ptc2lzastvxefa25z6da5jpky3ay,did:plc:l624mewisyr6hymexmrjkprc,vtuber,,did:plc:kyx2buqsfpey7n5g5gmzxkbo,2024-10-20T15:58:37.965Z
98d2acba98094e80b7bacd6ce8bf2e09,2026-02-27T17:00:00Z,2026-02-27T17:16:59Z,auth,auth_enUS_labelerexp,at://did:plc:kyx2buqsfpey7n5g5gmzxkbo/app.bsky.feed.post/3mfu6trdvgc2k,bafyreifiqwycd6sn74yo2thegmjtf4ptc2lzastvxefa25z6da5jpky3ay,did:plc:l624mewisyr6hymexmrjkprc,writer,,did:plc:kyx2buqsfpey7n5g5gmzxkbo,2024-10-20T15:58:42.953Z
98d2acba98094e80b7bacd6ce8bf2e09,2026-02-27T17:00:00Z,2026-02-27T17:16:59Z,auth,auth_enUS_labelerexp,at://did:plc:kyx2buqsfpey7n5g5gmzxkbo/app.bsky.feed.post/3mfu6trdvgc2k,bafyreifiqwycd6sn74yo2thegmjtf4ptc2lzastvxefa25z6da5jpky3ay,did:plc:uac6er53o2pvr5y2qmvaf7hw,tiktok-link,,at://did:plc:kyx2buqsfpey7n5g5gmzxkbo/app.bsky.actor.profile/self,2025-10-02T13:05:02.826Z
98d2acba98094e80b7bacd6ce8bf2e09,2026-02-27T17:00:00Z,2026-02-27T17:16:59Z,auth,auth_enUS_labelerexp,at://did:plc:kyx2buqsfpey7n5g5gmzxkbo/app.bsky.feed.post/3mfu6trdvgc2k,bafyreifiqwycd6sn74yo2thegmjtf4ptc2lzastvxefa25z6da5jpky3ay,did:plc:uac6er53o2pvr5y2qmvaf7hw,altrightlink,,at://did:plc:kyx2buqsfpey7n5g5gmzxkbo/app.bsky.actor.profile/self,2025-03-25T15:51:51.486Z
98d2acba98094e80b7bacd6ce8bf2e09,2026-02-27T17:00:00Z,2026-02-27T17:16:59Z,auth,auth_enUS_labelerexp,at://did:plc:afoi4kci3577zk35gcj45rdc/app.bsky.feed.post/3mfu6t7rc4n2f,bafyreiggb7zghu6du5plyz5frb6xx4gfm3u3wil4nyz3mcybui74fs3dnq,did:plc:l624mewisyr6hymexmrjkprc,l-justvtuber,,did:plc:afoi4kci3577zk35gcj45rdc,2024-10-21T15:56:30.910Z
98d2acba98094e80b7bacd6ce8bf2e09,2026-02-27T17:00:00Z,2026-02-27T17:16:59Z,auth,auth_enUS_labelerexp,at://did:plc:afoi4kci3577zk35gcj45rdc/app.bsky.feed.post/3mfu6t7rc4n2f,bafyreiggb7zghu6du5plyz5frb6xx4gfm3u3wil4nyz3mcybui74fs3dnq,did:plc:l624mewisyr6hymexmrjkprc,label-podcast,,did:plc:afoi4kci3577zk35gcj45rdc,2024-10-21T15:56:41.607Z
98d2acba98094e80b7bacd6ce8bf2e09,2026-02-27T17:00:00Z,2026-02-27T17:16:59Z,auth,auth_enUS_labelerexp,at://did:plc:afoi4kci3577zk35gcj45rdc/app.bsky.feed.post/3mfu6t7rc4n2f,bafyreiggb7zghu6du5plyz5frb6xx4gfm3u3wil4nyz3mcybui74fs3dnq,did:plc:l624mewisyr6hymexmrjkprc,musician,,did:plc:afoi4kci3577zk35gcj45rdc,2024-10-21T15:56:36.127Z
98d2acba98094e80b7bacd6ce8bf2e09,2026-02-27T17:00:00Z,2026-02-27T17:16:59Z,auth,auth_enUS_labelerexp,at://did:plc:afoi4kci3577zk35gcj45rdc/app.bsky.feed.post/3mfu6t7rc4n2f,bafyreiggb7zghu6du5plyz5frb6xx4gfm3u3wil4nyz3mcybui74fs3dnq,did:plc:l624mewisyr6hymexmrjkprc,streamer,,did:plc:afoi4kci3577zk35gcj45rdc,2024-10-21T15:56:41.372Z
98d2acba98094e80b7bacd6ce8bf2e09,2026-02-27T17:00:00Z,2026-02-27T17:16:59Z,auth,auth_enUS_labelerexp,at://did:plc:wbhm6yqvz7gc3cqaihk3fabc/app.bsky.feed.post/3mfu6rmnmp22w,bafyreifatmjfixasldclv7m7xgyx6qvl43z2ciczzpwppmneaf5y3jkxqq,did:plc:wbhm6yqvz7gc3cqaihk3fabc,!no-unauthenticated,,at://did:plc:wbhm6yqvz7gc3cqaihk3fabc/app.bsky.actor.profile/self,1970-01-01T00:00:00.000Z
98d2acba98094e80b7bacd6ce8bf2e09,2026-02-27T17:00:00Z,2026-02-27T17:16:59Z,auth,auth_enUS_labelerexp,at://did:plc:bw3v6ruikyqyopxx7k72kljs/app.bsky.feed.post/3mfu6qjmcuc2s,bafyreiao2ae6arvbdyh2rz7aqcszmmzxpq3xp67m5bli3bgvrkvcvklu6u,did:plc:l624mewisyr6hymexmrjkprc,l-game-reviewer,,did:plc:bw3v6ruikyqyopxx7k72kljs,2024-10-23T23:30:14.700Z
98d2acba98094e80b7bacd6ce8bf2e09,2026-02-27T17:00:00Z,2026-02-27T17:16:59Z,auth,auth_enUS_labelerexp,at://did:plc:bw3v6ruikyqyopxx7k72kljs/app.bsky.feed.post/3mfu6qjmcuc2s,bafyreiao2ae6arvbdyh2rz7aqcszmmzxpq3xp67m5bli3bgvrkvcvklu6u,did:plc:l624mewisyr6hymexmrjkprc,l-justvtuber,,did:plc:bw3v6ruikyqyopxx7k72kljs,2024-10-23T23:30:18.873Z
98d2acba98094e80b7bacd6ce8bf2e09,2026-02-27T17:00:00Z,2026-02-27T17:16:59Z,auth,auth_enUS_labelerexp,at://did:plc:bw3v6ruikyqyopxx7k72kljs/app.bsky.feed.post/3mfu6qjmcuc2s,bafyreiao2ae6arvbdyh2rz7aqcszmmzxpq3xp67m5bli3bgvrkvcvklu6u,did:plc:l624mewisyr6hymexmrjkprc,streamer,,did:plc:bw3v6ruikyqyopxx7k72kljs,2024-10-23T23:30:18.860Z
98d2acba98094e80b7bacd6ce8bf2e09,2026-02-27T17:00:00Z,2026-02-27T17:16:59Z,auth,auth_enUS_labelerexp,at://did:plc:bw3v6ruikyqyopxx7k72kljs/app.bsky.feed.post/3mfu6qjmcuc2s,bafyreiao2ae6arvbdyh2rz7aqcszmmzxpq3xp67m5bli3bgvrkvcvklu6u,did:plc:l624mewisyr6hymexmrjkprc,vstreamer,,did:plc:bw3v6ruikyqyopxx7k72kljs,2024-10-23T23:30:18.813Z
98d2acba98094e80b7bacd6ce8bf2e09,2026-02-27T17:00:00Z,2026-02-27T17:16:59Z,auth,auth_enUS_labelerexp,at://did:plc:xemac566sqmhtnjjjjhxf6zw/app.bsky.feed.post/3mfu6qcmt532u,bafyreib7sfgr5ki6kathyafjvd3tzedwgbbpelt7x7u45snjsvtecrqhg4,did:plc:xemac566sqmhtnjjjjhxf6zw,porn,,at://did:plc:xemac566sqmhtnjjjjhxf6zw/app.bsky.feed.post/3mfu6qcmt532u,2026-02-27T17:00:26.761Z
98d2acba98094e80b7bacd6ce8bf2e09,2026-02-27T17:00:00Z,2026-02-27T17:16:59Z,auth,auth_enUS_labelerexp,at://did:plc:f47cciy5nuogdb4qviwpjqnp/app.bsky.feed.post/3mfu6q74jau26,bafyreieytlqwrb7rqker2liwfqbmddlqd3jkhottu2arqaikqvmdom36o4,did:plc:l624mewisyr6hymexmrjkprc,animator,,did:plc:f47cciy5nuogdb4qviwpjqnp,2025-02-09T03:06:49.551Z
98d2acba98094e80b7bacd6ce8bf2e09,2026-02-27T17:00:00Z,2026-02-27T17:16:59Z,auth,auth_enUS_labelerexp,at://did:plc:f47cciy5nuogdb4qviwpjqnp/app.bsky.feed.post/3mfu6q74jau26,bafyreieytlqwrb7rqker2liwfqbmddlqd3jkhottu2arqaikqvmdom36o4,did:plc:l624mewisyr6hymexmrjkprc,artistdesigner,,did:plc:f47cciy5nuogdb4qviwpjqnp,2025-02-09T03:06:45.150Z
98d2acba98094e80b7bacd6ce8bf2e09,2026-02-27T17:00:00Z,2026-02-27T17:17:00Z,auth,auth_enUS_labelerexp,at://did:plc:3dy6ss3tougpkavkne445fql/app.bsky.feed.post/3mfu7ascais2m,bafyreiawhooka2broduhcr65dhu4ibqto6spgnsxlcp3yq4ig34ancktn4,did:plc:ar7c4by46qjdydhdevvrndac,porn,,at://did:plc:3dy6ss3tougpkavkne445fql/app.bsky.feed.post/3mfu7ascais2m,2026-02-27T17:09:51.088Z
98d2acba98094e80b7bacd6ce8bf2e09,2026-02-27T17:00:00Z,2026-02-27T17:17:00Z,auth,auth_enUS_labelerexp,at://did:plc:2vd6ya5a4a2pdegg7ejtib4y/app.bsky.feed.post/3mfu72ngzck2l,bafyreidgrcvx4zu5r55igmzsvqt3dnrpiea64gf2albdwczu7w3chmcpri,did:plc:2vd6ya5a4a2pdegg7ejtib4y,!no-unauthenticated,,at://did:plc:2vd6ya5a4a2pdegg7ejtib4y/app.bsky.actor.profile/self,1970-01-01T00:00:00.000Z
98d2acba98094e80b7bacd6ce8bf2e09,2026-02-27T17:00:00Z,2026-02-27T17:17:00Z,auth,auth_enUS_labelerexp,at://did:plc:seokmbzfjkyrqu25atrpjyc5/app.bsky.feed.post/3mfu6w73osc2i,bafyreia4ctpxke2qojrpq7q3mh3fwo3xojkyi7gkwrr4ivnzrncxxnuyvq,did:plc:seokmbzfjkyrqu25atrpjyc5,!no-unauthenticated,,at://did:plc:seokmbzfjkyrqu25atrpjyc5/app.bsky.actor.profile/self,2024-10-22T13:17:17.307Z
98d2acba98094e80b7bacd6ce8bf2e09,2026-02-27T17:00:00Z,2026-02-27T17:17:00Z,auth,auth_enUS_labelerexp,at://did:plc:4ocmbrs3kvlfhcqrz4kjllvj/app.bsky.feed.post/3mfu6vmcy5c2x,bafyreib3r6i7dyszgvsnm7nwmyc7zixl5c4aycqu6uel3ji5shak77tv7a,did:plc:uac6er53o2pvr5y2qmvaf7hw,meta-link,,at://did:plc:4ocmbrs3kvlfhcqrz4kjllvj/app.bsky.actor.profile/self,2025-06-17T20:04:52.285Z
98d2acba98094e80b7bacd6ce8bf2e09,2026-02-27T17:00:00Z,2026-02-27T17:17:02Z,auth,auth_enUS_labelerexp,at://did:plc:jwheuuv3t5lilgc7nv23zl2i/app.bsky.feed.post/3mftxj2crmk2x,bafyreifmlrfsssm3tyjizohgdnfla5jg4cqy7ecg5cntqjdxumkft62jgm,did:plc:uac6er53o2pvr5y2qmvaf7hw,x-link,,at://did:plc:jwheuuv3t5lilgc7nv23zl2i/app.bsky.actor.profile/self,2025-12-25T21:47:08.163Z
98d2acba98094e80b7bacd6ce8bf2e09,2026-02-27T17:00:00Z,2026-02-27T17:17:02Z,auth,auth_enUS_labelerexp,at://did:plc:jwheuuv3t5lilgc7nv23zl2i/app.bsky.feed.post/3mftxj2crmk2x,bafyreifmlrfsssm3tyjizohgdnfla5jg4cqy7ecg5cntqjdxumkft62jgm,did:plc:uac6er53o2pvr5y2qmvaf7hw,altrightlink,,at://did:plc:jwheuuv3t5lilgc7nv23zl2i/app.bsky.actor.profile/self,2025-03-28T09:28:10.591Z
98d2acba98094e80b7bacd6ce8bf2e09,2026-02-27T17:00:00Z,2026-02-27T17:17:02Z,auth,auth_enUS_labelerexp,at://did:plc:wxzdr6faookbbs43dqgbrgeo/app.bsky.feed.post/3mftthhvwlc2c,bafyreiat6hpib25iyxyefizjxhz4ifluvb6goqgr64h2dhtlwbuwtz2t6m,did:plc:uac6er53o2pvr5y2qmvaf7hw,meta-link,,at://did:plc:wxzdr6faookbbs43dqgbrgeo/app.bsky.actor.profile/self,2025-09-14T16:03:08.018Z
98d2acba98094e80b7bacd6ce8bf2e09,2026-02-27T17:00:00Z,2026-02-27T17:17:02Z,auth,auth_enUS_labelerexp,at://did:plc:qv7ummcxlfv2t7zuib5jeakj/app.bsky.feed.post/3mftiotoyzk2m,bafyreicsbsjsgud5eohccc2np5lgsbiczqyegk7fnuqi5cye3e45giszvu,did:plc:uac6er53o2pvr5y2qmvaf7hw,telegram-link,,at://did:plc:qv7ummcxlfv2t7zuib5jeakj/app.bsky.feed.post/3mftiotoyzk2m,2026-02-27T10:26:07.686Z
98d2acba98094e80b7bacd6ce8bf2e09,2026-02-27T17:00:00Z,2026-02-27T17:17:02Z,auth,auth_enUS_labelerexp,at://did:plc:zojgyn6s33btkh344yvpwmzr/app.bsky.feed.post/3mftgs5ddlc2e,bafyreiali4pehbk4vtdyjjhfmshxssdcgzcrchjfrtxmls65o3egb2fvzi,did:plc:ar7c4by46qjdydhdevvrndac,needs-review,,did:plc:zojgyn6s33btkh344yvpwmzr,2026-02-27T16:04:43.984Z
98d2acba98094e80b7bacd6ce8bf2e09,2026-02-27T17:00:00Z,2026-02-27T17:17:02Z,auth,auth_enUS_labelerexp,at://did:plc:zojgyn6s33btkh344yvpwmzr/app.bsky.feed.post/3mftgs5ddlc2e,bafyreiali4pehbk4vtdyjjhfmshxssdcgzcrchjfrtxmls65o3egb2fvzi,did:plc:uac6er53o2pvr5y2qmvaf7hw,meta-link,,at://did:plc:zojgyn6s33btkh344yvpwmzr/app.bsky.actor.profile/self,2025-10-28T13:01:45.437Z
98d2acba98094e80b7bacd6ce8bf2e09,2026-02-27T17:00:00Z,2026-02-27T17:17:02Z,auth,auth_enUS_labelerexp,at://did:plc:zojgyn6s33btkh344yvpwmzr/app.bsky.feed.post/3mftgs5ddlc2e,bafyreiali4pehbk4vtdyjjhfmshxssdcgzcrchjfrtxmls65o3egb2fvzi,did:plc:zojgyn6s33btkh344yvpwmzr,!no-unauthenticated,,at://did:plc:zojgyn6s33btkh344yvpwmzr/app.bsky.actor.profile/self,2024-03-10T23:34:31.794Z
98d2acba98094e80b7bacd6ce8bf2e09,2026-02-27T17:00:00Z,2026-02-27T17:17:02Z,auth,auth_enUS_labelerexp,at://did:plc:ztw6msft3y4lx7wr34delmbm/app.bsky.feed.post/3mftdanshyc24,bafyreifjeulwrzowbpaloto63ryr5u3ljy3fivjcgqvye47hbaf2ftw4fq,did:plc:uac6er53o2pvr5y2qmvaf7hw,telegram-link,,at://did:plc:ztw6msft3y4lx7wr34delmbm/app.bsky.actor.profile/self,2025-12-28T17:34:50.485Z
98d2acba98094e80b7bacd6ce8bf2e09,2026-02-27T17:00:00Z,2026-02-27T17:17:02Z,auth,auth_enUS_labelerexp,at://did:plc:alugjprnuzby3ccvewpzng32/app.bsky.feed.post/3mfskuuivbk24,bafyreihy77iods4prcydovtsgzervx6ugqwe7srmzoum5u3abjoa5l34km,did:plc:l624mewisyr6hymexmrjkprc,artistdesigner,,did:plc:alugjprnuzby3ccvewpzng32,2024-10-21T07:29:44.599Z
98d2acba98094e80b7bacd6ce8bf2e09,2026-02-27T17:00:00Z,2026-02-27T17:17:02Z,auth,auth_enUS_labelerexp,at://did:plc:siivhcv7a3jiq6mkvu46gvuq/app.bsky.feed.post/3mfsgdlnogc25,bafyreid53yxtbi4lmg42ctreej72y6bpbgqiae4vknljnh5xhsg2qdf3qu,did:plc:uac6er53o2pvr5y2qmvaf7hw,telegram-link,,at://did:plc:siivhcv7a3jiq6mkvu46gvuq/app.bsky.actor.profile/self,2025-12-26T01:50:06.889Z
98d2acba98094e80b7bacd6ce8bf2e09,2026-02-27T17:00:00Z,2026-02-27T17:17:02Z,auth,auth_enUS_labelerexp,at://did:plc:2lwyn77x7gvghdgttbowr57g/app.bsky.feed.post/3mfrsnqyhgc26,bafyreibpfkyozdhvgu4s7zrnhfuyau6nwlmdske7degh5zm3kmeh5qwk3y,did:plc:uac6er53o2pvr5y2qmvaf7hw,telegram-link,,at://did:plc:2lwyn77x7gvghdgttbowr57g/app.bsky.actor.profile/self,2025-10-20T16:15:17.934Z
98d2acba98094e80b7bacd6ce8bf2e09,2026-02-27T17:00:00Z,2026-02-27T17:17:02Z,auth,auth_enUS_labelerexp,at://did:plc:n2p52gz3vlyntrgj6qy2xa3z/app.bsky.feed.post/3mfrrfovpxc2u,bafyreiazar6hsruskcpbtb6epuvjsicllkq4nucto7olb7ybpojoip3kti,did:plc:l624mewisyr6hymexmrjkprc,artistdesigner,,did:plc:n2p52gz3vlyntrgj6qy2xa3z,2025-04-14T23:36:09.481Z
98d2acba98094e80b7bacd6ce8bf2e09,2026-02-27T17:00:00Z,2026-02-27T17:17:02Z,auth,auth_enUS_labelerexp,at://did:plc:n2p52gz3vlyntrgj6qy2xa3z/app.bsky.feed.post/3mfrrfovpxc2u,bafyreiazar6hsruskcpbtb6epuvjsicllkq4nucto7olb7ybpojoip3kti,did:plc:n2p52gz3vlyntrgj6qy2xa3z,!no-unauthenticated,,at://did:plc:n2p52gz3vlyntrgj6qy2xa3z/app.bsky.actor.profile/self,1970-01-01T00:00:00.000Z
98d2acba98094e80b7bacd6ce8bf2e09,2026-02-27T17:00:00Z,2026-02-27T17:17:02Z,auth,auth_enUS_labelerexp,at://did:plc:dw7w2q4dxzcoc4hb6kjdjgpt/app.bsky.feed.post/3mfrl2ziodk2h,bafyreic33oqw2hl2swhobp4i4fo7gsad4zjz7eyph25cfuuxfr75rxf5oi,did:plc:uac6er53o2pvr5y2qmvaf7hw,telegram-link,,at://did:plc:dw7w2q4dxzcoc4hb6kjdjgpt/app.bsky.actor.profile/self,2026-01-09T03:55:06.949Z
98d2acba98094e80b7bacd6ce8bf2e09,2026-02-27T17:00:00Z,2026-02-27T17:17:02Z,auth,auth_enUS_labelerexp,at://did:plc:d3prhxh3kltubrmhbjhhhzr2/app.bsky.feed.post/3mfrjlztajk23,bafyreignjdl6jii4f6lxyd3i7lyflp6mlvdxctcss6s6gocup56hsnelxa,did:plc:ar7c4by46qjdydhdevvrndac,sexual,,at://did:plc:d3prhxh3kltubrmhbjhhhzr2/app.bsky.feed.post/3mfrjlztajk23,2026-02-26T15:36:24.975Z
98d2acba98094e80b7bacd6ce8bf2e09,2026-02-27T17:00:00Z,2026-02-27T17:17:02Z,auth,auth_enUS_labelerexp,at://did:plc:d3prhxh3kltubrmhbjhhhzr2/app.bsky.feed.post/3mfrjlztajk23,bafyreignjdl6jii4f6lxyd3i7lyflp6mlvdxctcss6s6gocup56hsnelxa,did:plc:d3prhxh3kltubrmhbjhhhzr2,porn,,at://did:plc:d3prhxh3kltubrmhbjhhhzr2/app.bsky.feed.post/3mfrjlztajk23,2026-02-26T15:36:56.191Z
98d2acba98094e80b7bacd6ce8bf2e09,2026-02-27T17:00:00Z,2026-02-27T17:17:03Z,auth,auth_enUS_labelerexp,at://did:plc:sov7xs5hxquxak3pqaxwu672/app.bsky.feed.post/3mfu4nhhxck25,bafyreibpucyygtugb7ptrpljvepndfsj2p4jtm7urrikiezcdt3pvnmwna,did:plc:sov7xs5hxquxak3pqaxwu672,!no-unauthenticated,,at://did:plc:sov7xs5hxquxak3pqaxwu672/app.bsky.actor.profile/self,1970-01-01T00:00:00.000Z
98d2acba98094e80b7bacd6ce8bf2e09,2026-02-27T17:00:00Z,2026-02-27T17:17:03Z,auth,auth_enUS_labelerexp,at://did:plc:s5eq2gxjm6votxsrv4ve2rbw/app.bsky.feed.post/3mftmy6wgsc2v,bafyreietdgs4ynctyxg7dtlxoxc3pvf5o64wrrdmzf6xqdztfouhsgayzu,did:plc:ar7c4by46qjdydhdevvrndac,porn,,at://did:plc:s5eq2gxjm6votxsrv4ve2rbw/app.bsky.feed.post/3mftmy6wgsc2v,2026-02-27T11:42:35.282Z
98d2acba98094e80b7bacd6ce8bf2e09,2026-02-27T17:00:00Z,2026-02-27T17:17:03Z,auth,auth_enUS_labelerexp,at://did:plc:s5eq2gxjm6votxsrv4ve2rbw/app.bsky.feed.post/3mftmy6wgsc2v,bafyreietdgs4ynctyxg7dtlxoxc3pvf5o64wrrdmzf6xqdztfouhsgayzu,did:plc:s5eq2gxjm6votxsrv4ve2rbw,nudity,,at://did:plc:s5eq2gxjm6votxsrv4ve2rbw/app.bsky.feed.post/3mftmy6wgsc2v,2026-02-27T11:42:44.915Z
98d2acba98094e80b7bacd6ce8bf2e09,2026-02-27T17:00:00Z,2026-02-27T17:17:03Z,auth,auth_enUS_labelerexp,at://did:plc:mgyscoovtrthsjm6nqmpyfvh/app.bsky.feed.post/3mftuu6vdb32j,bafyreial4mld5aaepwgsunffktpubpntyzdsbutm6znohwobez2z6cr6a4,did:plc:uac6er53o2pvr5y2qmvaf7hw,high-total-facet-count,,at://did:plc:mgyscoovtrthsjm6nqmpyfvh/app.bsky.feed.post/3mftuu6vdb32j,2026-02-27T14:03:42.099Z
98d2acba98094e80b7bacd6ce8bf2e09,2026-02-27T17:00:00Z,2026-02-27T17:17:03Z,auth,auth_enUS_labelerexp,at://did:plc:mgyscoovtrthsjm6nqmpyfvh/app.bsky.feed.post/3mftuu6vdb32j,bafyreial4mld5aaepwgsunffktpubpntyzdsbutm6znohwobez2z6cr6a4,did:plc:ar7c4by46qjdydhdevvrndac,sexual,,at://did:plc:mgyscoovtrthsjm6nqmpyfvh/app.bsky.feed.post/3mftuu6vdb32j,2026-02-27T14:03:42.262Z
98d2acba98094e80b7bacd6ce8bf2e09,2026-02-27T17:00:00Z,2026-02-27T17:17:03Z,auth,auth_enUS_labelerexp,at://did:plc:2u3hmqw63fxetmctgwzlq6zc/app.bsky.feed.post/3mft4dv6sx22u,bafyreiavikmtjotpm4q3cxxsrea4t7xx36nzqmitepceonfugdpk2g7te4,did:plc:uac6er53o2pvr5y2qmvaf7hw,meta-link,,at://did:plc:2u3hmqw63fxetmctgwzlq6zc/app.bsky.feed.post/3mft4dv6sx22u,2026-02-27T06:45:12.537Z
98d2acba98094e80b7bacd6ce8bf2e09,2026-02-27T17:00:00Z,2026-02-27T17:17:03Z,auth,auth_enUS_labelerexp,at://did:plc:2u3hmqw63fxetmctgwzlq6zc/app.bsky.feed.post/3mft4dv6sx22u,bafyreiavikmtjotpm4q3cxxsrea4t7xx36nzqmitepceonfugdpk2g7te4,did:plc:uac6er53o2pvr5y2qmvaf7hw,tiktok-link,,at://did:plc:2u3hmqw63fxetmctgwzlq6zc/app.bsky.feed.post/3mft4dv6sx22u,2026-02-27T06:45:12.537Z
98d2acba98094e80b7bacd6ce8bf2e09,2026-02-27T17:00:00Z,2026-02-27T17:17:03Z,auth,auth_enUS_labelerexp,at://did:plc:2u3hmqw63fxetmctgwzlq6zc/app.bsky.feed.post/3mft4dv6sx22u,bafyreiavikmtjotpm4q3cxxsrea4t7xx36nzqmitepceonfugdpk2g7te4,did:plc:l624mewisyr6hymexmrjkprc,asmrtist,,did:plc:2u3hmqw63fxetmctgwzlq6zc,2024-11-14T05:31:49.969Z
98d2acba98094e80b7bacd6ce8bf2e09,2026-02-27T17:00:00Z,2026-02-27T17:17:03Z,auth,auth_enUS_labelerexp,at://did:plc:2u3hmqw63fxetmctgwzlq6zc/app.bsky.feed.post/3mft4dv6sx22u,bafyreiavikmtjotpm4q3cxxsrea4t7xx36nzqmitepceonfugdpk2g7te4,did:plc:l624mewisyr6hymexmrjkprc,l-cosplay,,did:plc:2u3hmqw63fxetmctgwzlq6zc,2024-11-14T05:31:45.454Z
98d2acba98094e80b7bacd6ce8bf2e09,2026-02-27T17:00:00Z,2026-02-27T17:17:03Z,auth,auth_enUS_labelerexp,at://did:plc:2u3hmqw63fxetmctgwzlq6zc/app.bsky.feed.post/3mft4dv6sx22u,bafyreiavikmtjotpm4q3cxxsrea4t7xx36nzqmitepceonfugdpk2g7te4,did:plc:l624mewisyr6hymexmrjkprc,l-justvtuber,,did:plc:2u3hmqw63fxetmctgwzlq6zc,2024-11-14T05:31:44.948Z
98d2acba98094e80b7bacd6ce8bf2e09,2026-02-27T17:00:00Z,2026-02-27T17:17:03Z,auth,auth_enUS_labelerexp,at://did:plc:2u3hmqw63fxetmctgwzlq6zc/app.bsky.feed.post/3mft4dv6sx22u,bafyreiavikmtjotpm4q3cxxsrea4t7xx36nzqmitepceonfugdpk2g7te4,did:plc:l624mewisyr6hymexmrjkprc,singer,,did:plc:2u3hmqw63fxetmctgwzlq6zc,2024-11-14T05:31:40.447Z
98d2acba98094e80b7bacd6ce8bf2e09,2026-02-27T17:00:00Z,2026-02-27T17:17:03Z,auth,auth_enUS_labelerexp,at://did:plc:2u3hmqw63fxetmctgwzlq6zc/app.bsky.feed.post/3mft4dv6sx22u,bafyreiavikmtjotpm4q3cxxsrea4t7xx36nzqmitepceonfugdpk2g7te4,did:plc:l624mewisyr6hymexmrjkprc,streamer,,did:plc:2u3hmqw63fxetmctgwzlq6zc,2024-11-14T05:31:40.392Z
98d2acba98094e80b7bacd6ce8bf2e09,2026-02-27T17:00:00Z,2026-02-27T17:17:03Z,auth,auth_enUS_labelerexp,at://did:plc:2u3hmqw63fxetmctgwzlq6zc/app.bsky.feed.post/3mft4dv6sx22u,bafyreiavikmtjotpm4q3cxxsrea4t7xx36nzqmitepceonfugdpk2g7te4,did:plc:l624mewisyr6hymexmrjkprc,voiceactor,,did:plc:2u3hmqw63fxetmctgwzlq6zc,2024-11-14T05:31:35.701Z
98d2acba98094e80b7bacd6ce8bf2e09,2026-02-27T17:00:00Z,2026-02-27T17:17:03Z,auth,auth_enUS_labelerexp,at://did:plc:mo374im7n4fjzmgon5vokrhk/app.bsky.feed.post/3mftc2mnqmc2b,bafyreiau6mvhijsgqr5bdoyeyjwuqtq46hmweoijvco55qekwlks5ngc5i,did:plc:mo374im7n4fjzmgon5vokrhk,!no-unauthenticated,,at://did:plc:mo374im7n4fjzmgon5vokrhk/app.bsky.actor.profile/self,1970-01-01T00:00:00.000Z
98d2acba98094e80b7bacd6ce8bf2e09,2026-02-27T17:00:00Z,2026-02-27T17:17:03Z,auth,auth_enUS_labelerexp,at://did:plc:f3nqd67bhnsoaxxxdfzhihqi/app.bsky.feed.post/3mfrfrik23k2m,bafyreiel5tfakoesy56k6sf2ypligih7gtaz4sorjwlpln5jdum6ki3qr4,did:plc:ar7c4by46qjdydhdevvrndac,porn,,at://did:plc:f3nqd67bhnsoaxxxdfzhihqi/app.bsky.feed.post/3mfrfrik23k2m,2026-02-26T14:28:33.099Z
98d2acba98094e80b7bacd6ce8bf2e09,2026-02-27T17:00:00Z,2026-02-27T17:17:03Z,auth,auth_enUS_labelerexp,at://did:plc:ufr2tbstjfmmojljmfvyhhsf/app.bsky.feed.post/3mftanx35ux2m,bafyreibp4p2vlfadw4tte5mqgw5gkzed5fswjic2ypqcihyoaxso5fed4a,did:plc:ar7c4by46qjdydhdevvrndac,porn,,at://did:plc:ufr2tbstjfmmojljmfvyhhsf/app.bsky.feed.post/3mftanx35ux2m,2026-02-27T08:02:18.311Z
98d2acba98094e80b7bacd6ce8bf2e09,2026-02-27T17:00:00Z,2026-02-27T17:17:03Z,auth,auth_enUS_labelerexp,at://did:plc:ufr2tbstjfmmojljmfvyhhsf/app.bsky.feed.post/3mftanx35ux2m,bafyreibp4p2vlfadw4tte5mqgw5gkzed5fswjic2ypqcihyoaxso5fed4a,did:plc:ar7c4by46qjdydhdevvrndac,nudity,,at://did:plc:ufr2tbstjfmmojljmfvyhhsf/app.bsky.actor.profile/self,2025-01-27T10:31:19.713Z
98d2acba98094e80b7bacd6ce8bf2e09,2026-02-27T17:00:00Z,2026-02-27T17:17:03Z,auth,auth_enUS_labelerexp,at://did:plc:nhsvgczsbknm4ae7s6espwxa/app.bsky.feed.post/3mftgd3hqt22k,bafyreifbo6wq6ibjx34wf4bz6yujxfb5zlef3flmvdgyr6pewh6bjwhtzq,did:plc:uac6er53o2pvr5y2qmvaf7hw,x-link,,at://did:plc:nhsvgczsbknm4ae7s6espwxa/app.bsky.actor.profile/self,2026-02-24T15:18:26.000Z
98d2acba98094e80b7bacd6ce8bf2e09,2026-02-27T17:00:00Z,2026-02-27T17:17:03Z,auth,auth_enUS_labelerexp,at://did:plc:nhsvgczsbknm4ae7s6espwxa/app.bsky.feed.post/3mftgd3hqt22k,bafyreifbo6wq6ibjx34wf4bz6yujxfb5zlef3flmvdgyr6pewh6bjwhtzq,did:plc:nhsvgczsbknm4ae7s6espwxa,!no-unauthenticated,,at://did:plc:nhsvgczsbknm4ae7s6espwxa/app.bsky.actor.profile/self,2026-01-04T12:25:17.203Z
98d2acba98094e80b7bacd6ce8bf2e09,2026-02-27T17:00:00Z,2026-02-27T17:17:03Z,auth,auth_enUS_labelerexp,at://did:plc:tvaykngu35bma5aca5776cnm/app.bsky.feed.post/3mfthl34xt22h,bafyreigedp6ti2xkaafckbes6ml6u5yc76evh2l6n6p3irvqa7lve3u53y,did:plc:ar7c4by46qjdydhdevvrndac,sexual,,at://did:plc:tvaykngu35bma5aca5776cnm/app.bsky.feed.post/3mfthl34xt22h,2026-02-27T10:07:31.475Z
98d2acba98094e80b7bacd6ce8bf2e09,2026-02-27T17:00:00Z,2026-02-27T17:17:03Z,auth,auth_enUS_labelerexp,at://did:plc:qtxmqp6r4s66ydktepoxyu67/app.bsky.feed.post/3mftme734tk2r,bafyreig3j63x6u3l5jgzw73cfgaesgy7o5y6bcdktdfvihuzn2ubvtcyme,did:plc:qtxmqp6r4s66ydktepoxyu67,!no-unauthenticated,,at://did:plc:qtxmqp6r4s66ydktepoxyu67/app.bsky.actor.profile/self,1970-01-01T00:00:00.000Z
98d2acba98094e80b7bacd6ce8bf2e09,2026-02-27T17:00:00Z,2026-02-27T17:17:03Z,auth,auth_enUS_labelerexp,at://did:plc:voc5prq2ty2xpprohi37xp6b/app.bsky.feed.post/3mfsvmu7fx22m,bafyreigupmdjpvw3yfj2uvkltuz7oebf5tkrkwfgthij4mdmxw7l44lg4q,did:plc:uac6er53o2pvr5y2qmvaf7hw,high-hashtag-count,,at://did:plc:voc5prq2ty2xpprohi37xp6b/app.bsky.feed.post/3mfsvmu7fx22m,2026-02-27T04:44:50.296Z
98d2acba98094e80b7bacd6ce8bf2e09,2026-02-27T17:00:00Z,2026-02-27T17:17:03Z,auth,auth_enUS_labelerexp,at://did:plc:voc5prq2ty2xpprohi37xp6b/app.bsky.feed.post/3mfsvmu7fx22m,bafyreigupmdjpvw3yfj2uvkltuz7oebf5tkrkwfgthij4mdmxw7l44lg4q,did:plc:uac6er53o2pvr5y2qmvaf7hw,high-total-facet-count,,at://did:plc:voc5prq2ty2xpprohi37xp6b/app.bsky.feed.post/3mfsvmu7fx22m,2026-02-27T04:44:50.301Z
98d2acba98094e80b7bacd6ce8bf2e09,2026-02-27T17:00:00Z,2026-02-27T17:17:03Z,auth,auth_enUS_labelerexp,at://did:plc:voc5prq2ty2xpprohi37xp6b/app.bsky.feed.post/3mfsvmu7fx22m,bafyreigupmdjpvw3yfj2uvkltuz7oebf5tkrkwfgthij4mdmxw7l44lg4q,did:plc:ar7c4by46qjdydhdevvrndac,porn,,at://did:plc:voc5prq2ty2xpprohi37xp6b/app.bsky.feed.post/3mfsvmu7fx22m,2026-02-27T04:44:50.309Z
98d2acba98094e80b7bacd6ce8bf2e09,2026-02-27T17:00:00Z,2026-02-27T17:17:03Z,auth,auth_enUS_labelerexp,at://did:plc:iycoyljnmbcl67pqa3lksarn/app.bsky.feed.post/3mfpvr7gngk2u,bafyreiesghrukh32il2xji2xa2svekea2fk2eamrnooge2plkdykbq6ghq,did:plc:ar7c4by46qjdydhdevvrndac,sexual,,at://did:plc:iycoyljnmbcl67pqa3lksarn/app.bsky.feed.post/3mfpvr7gngk2u,2026-02-26T00:09:23.290Z
98d2acba98094e80b7bacd6ce8bf2e09,2026-02-27T17:00:00Z,2026-02-27T17:17:03Z,auth,auth_enUS_labelerexp,at://did:plc:iycoyljnmbcl67pqa3lksarn/app.bsky.feed.post/3mfpvr7gngk2u,bafyreiesghrukh32il2xji2xa2svekea2fk2eamrnooge2plkdykbq6ghq,did:plc:ar7c4by46qjdydhdevvrndac,nudity,,at://did:plc:iycoyljnmbcl67pqa3lksarn/app.bsky.actor.profile/self,2025-01-26T15:05:44.834Z
98d2acba98094e80b7bacd6ce8bf2e09,2026-02-27T17:00:00Z,2026-02-27T17:17:03Z,auth,auth_enUS_labelerexp,at://did:plc:geoqe3qls5mwezckxxsewys2/app.bsky.feed.post/3ldecj6woak24,bafyreian2zz3aj4lsbl7fnihmk45orakmmcbobdc63clrrhnohzabjgvsy,did:plc:ar7c4by46qjdydhdevvrndac,porn,,at://did:plc:geoqe3qls5mwezckxxsewys2/app.bsky.feed.post/3ldecj6woak24,2024-12-15T17:09:06.298Z
98d2acba98094e80b7bacd6ce8bf2e09,2026-02-27T17:00:00Z,2026-02-27T17:17:03Z,auth,auth_enUS_labelerexp,at://did:plc:yl5kkgndqfy7uswmblvcfj56/app.bsky.feed.post/3mfq3c3daus2i,bafyreif6cdm733kjiii3tafzzl7ztkuyhvk5c5aenkv4g3ofkqld2dgvjq,did:plc:uac6er53o2pvr5y2qmvaf7hw,meta-link,,at://did:plc:yl5kkgndqfy7uswmblvcfj56/app.bsky.actor.profile/self,2025-10-17T10:09:39.276Z
98d2acba98094e80b7bacd6ce8bf2e09,2026-02-27T17:00:00Z,2026-02-27T17:17:03Z,auth,auth_enUS_labelerexp,at://did:plc:2u3hmqw63fxetmctgwzlq6zc/app.bsky.feed.post/3mfsgomaag22s,bafyreianjdmxpelae4yomx2e7wpaclkddwik6667zprrcyfcxpun7wmh4q,did:plc:l624mewisyr6hymexmrjkprc,asmrtist,,did:plc:2u3hmqw63fxetmctgwzlq6zc,2024-11-14T05:31:49.969Z
98d2acba98094e80b7bacd6ce8bf2e09,2026-02-27T17:00:00Z,2026-02-27T17:17:03Z,auth,auth_enUS_labelerexp,at://did:plc:2u3hmqw63fxetmctgwzlq6zc/app.bsky.feed.post/3mfsgomaag22s,bafyreianjdmxpelae4yomx2e7wpaclkddwik6667zprrcyfcxpun7wmh4q,did:plc:l624mewisyr6hymexmrjkprc,l-cosplay,,did:plc:2u3hmqw63fxetmctgwzlq6zc,2024-11-14T05:31:45.454Z
98d2acba98094e80b7bacd6ce8bf2e09,2026-02-27T17:00:00Z,2026-02-27T17:17:03Z,auth,auth_enUS_labelerexp,at://did:plc:2u3hmqw63fxetmctgwzlq6zc/app.bsky.feed.post/3mfsgomaag22s,bafyreianjdmxpelae4yomx2e7wpaclkddwik6667zprrcyfcxpun7wmh4q,did:plc:l624mewisyr6hymexmrjkprc,l-justvtuber,,did:plc:2u3hmqw63fxetmctgwzlq6zc,2024-11-14T05:31:44.948Z
98d2acba98094e80b7bacd6ce8bf2e09,2026-02-27T17:00:00Z,2026-02-27T17:17:03Z,auth,auth_enUS_labelerexp,at://did:plc:2u3hmqw63fxetmctgwzlq6zc/app.bsky.feed.post/3mfsgomaag22s,bafyreianjdmxpelae4yomx2e7wpaclkddwik6667zprrcyfcxpun7wmh4q,did:plc:l624mewisyr6hymexmrjkprc,singer,,did:plc:2u3hmqw63fxetmctgwzlq6zc,2024-11-14T05:31:40.447Z
98d2acba98094e80b7bacd6ce8bf2e09,2026-02-27T17:00:00Z,2026-02-27T17:17:03Z,auth,auth_enUS_labelerexp,at://did:plc:2u3hmqw63fxetmctgwzlq6zc/app.bsky.feed.post/3mfsgomaag22s,bafyreianjdmxpelae4yomx2e7wpaclkddwik6667zprrcyfcxpun7wmh4q,did:plc:l624mewisyr6hymexmrjkprc,streamer,,did:plc:2u3hmqw63fxetmctgwzlq6zc,2024-11-14T05:31:40.392Z
98d2acba98094e80b7bacd6ce8bf2e09,2026-02-27T17:00:00Z,2026-02-27T17:17:03Z,auth,auth_enUS_labelerexp,at://did:plc:2u3hmqw63fxetmctgwzlq6zc/app.bsky.feed.post/3mfsgomaag22s,bafyreianjdmxpelae4yomx2e7wpaclkddwik6667zprrcyfcxpun7wmh4q,did:plc:l624mewisyr6hymexmrjkprc,voiceactor,,did:plc:2u3hmqw63fxetmctgwzlq6zc,2024-11-14T05:31:35.701Z
98d2acba98094e80b7bacd6ce8bf2e09,2026-02-27T17:00:00Z,2026-02-27T17:17:03Z,auth,auth_enUS_labelerexp,at://did:plc:o2gcbcyoe6gjg7bfi77jjaif/app.bsky.feed.post/3mftk77uebc27,bafyreieijcehiossatdnsmb6slhtn6lni7k3pdv7opoi6aeesog37jt5re,did:plc:o2gcbcyoe6gjg7bfi77jjaif,graphic-media,,at://did:plc:o2gcbcyoe6gjg7bfi77jjaif/app.bsky.feed.post/3mftk77uebc27,2026-02-27T10:52:59.550Z
98d2acba98094e80b7bacd6ce8bf2e09,2026-02-27T17:00:00Z,2026-02-27T17:17:03Z,auth,auth_enUS_labelerexp,at://did:plc:c4bymzkko66vyjfjwtn7ymmy/app.bsky.feed.post/3mfsexdmezs2v,bafyreidt24hgidkzczfn5k6frdy3ihmvekwastwsy3xjafvysii35hjojm,did:plc:uac6er53o2pvr5y2qmvaf7hw,high-total-facet-count,,at://did:plc:c4bymzkko66vyjfjwtn7ymmy/app.bsky.feed.post/3mfsexdmezs2v,2026-02-26T23:46:40.680Z
98d2acba98094e80b7bacd6ce8bf2e09,2026-02-27T17:00:00Z,2026-02-27T17:17:03Z,auth,auth_enUS_labelerexp,at://did:plc:ffup4fg6h4sbuoebvehfmv6j/app.bsky.feed.post/3mfsdn4pmps2t,bafyreihqeqp545m2mkh6yqtdv2zgg5semzygns2inlgll3djeyv2luzjzm,did:plc:uac6er53o2pvr5y2qmvaf7hw,high-hashtag-count,,at://did:plc:ffup4fg6h4sbuoebvehfmv6j/app.bsky.feed.post/3mfsdn4pmps2t,2026-02-26T23:22:59.661Z
98d2acba98094e80b7bacd6ce8bf2e09,2026-02-27T17:00:00Z,2026-02-27T17:17:03Z,auth,auth_enUS_labelerexp,at://did:plc:ffup4fg6h4sbuoebvehfmv6j/app.bsky.feed.post/3mfsdn4pmps2t,bafyreihqeqp545m2mkh6yqtdv2zgg5semzygns2inlgll3djeyv2luzjzm,did:plc:uac6er53o2pvr5y2qmvaf7hw,high-total-facet-count,,at://did:plc:ffup4fg6h4sbuoebvehfmv6j/app.bsky.feed.post/3mfsdn4pmps2t,2026-02-26T23:22:59.629Z
98d2acba98094e80b7bacd6ce8bf2e09,2026-02-27T17:00:00Z,2026-02-27T17:17:03Z,auth,auth_enUS_labelerexp,at://did:plc:mgyscoovtrthsjm6nqmpyfvh/app.bsky.feed.post/3mfqq4vsnea2b,bafyreidfaji3hhk6trbmckkworunbt6p6dn3uj6yoeriwf4h6btc2mzioa,did:plc:uac6er53o2pvr5y2qmvaf7hw,high-total-facet-count,,at://did:plc:mgyscoovtrthsjm6nqmpyfvh/app.bsky.feed.post/3mfqq4vsnea2b,2026-02-26T08:01:06.648Z
98d2acba98094e80b7bacd6ce8bf2e09,2026-02-27T17:00:00Z,2026-02-27T17:17:03Z,auth,auth_enUS_labelerexp,at://did:plc:mgyscoovtrthsjm6nqmpyfvh/app.bsky.feed.post/3mfqq4vsnea2b,bafyreidfaji3hhk6trbmckkworunbt6p6dn3uj6yoeriwf4h6btc2mzioa,did:plc:ar7c4by46qjdydhdevvrndac,porn,,at://did:plc:mgyscoovtrthsjm6nqmpyfvh/app.bsky.feed.post/3mfqq4vsnea2b,2026-02-26T08:01:06.609Z
98d2acba98094e80b7bacd6ce8bf2e09,2026-02-27T17:00:00Z,2026-02-27T17:17:04Z,auth,auth_enUS_labelerexp,at://did:plc:4hq3euw57ktxn322snkibwjw/app.bsky.feed.post/3mfu73nb7q4j2,bafyreih2k53yn5wz5zqolv5qbwzf5yoof5qvqwwqkgutgxkhngsyutdmru,did:plc:4hq3euw57ktxn322snkibwjw,bridged-from-bridgy-fed-web,,at://did:plc:4hq3euw57ktxn322snkibwjw/app.bsky.actor.profile/self,1970-01-01T00:00:00.000Z
98d2acba98094e80b7bacd6ce8bf2e09,2026-02-27T17:00:00Z,2026-02-27T17:17:04Z,auth,auth_enUS_labelerexp,at://did:plc:wseuyj5eixjbzr4syjos2rfh/app.bsky.feed.post/3mfu6qah5ys22,bafyreib27px4tpqc6b44t7zozgtrmzcnk3654rfvk3acg5j7omkxpiafdq,did:plc:wseuyj5eixjbzr4syjos2rfh,!no-unauthenticated,,at://did:plc:wseuyj5eixjbzr4syjos2rfh/app.bsky.actor.profile/self,2025-02-16T15:29:06.811Z
98d2acba98094e80b7bacd6ce8bf2e09,2026-02-27T17:00:00Z,2026-02-27T17:17:04Z,auth,auth_enUS_labelerexp,at://did:plc:lbwehyzd3nue3g775gizih5l/app.bsky.feed.post/3mfu6ofddw22v,bafyreichtuqg6pbucg3gwtugox4whs7t762zr2njny34xfjzh4ab2s3qqu,did:plc:lbwehyzd3nue3g775gizih5l,!no-unauthenticated,,at://did:plc:lbwehyzd3nue3g775gizih5l/app.bsky.actor.profile/self,1970-01-01T00:00:00.000Z
98d2acba98094e80b7bacd6ce8bf2e09,2026-02-27T17:00:00Z,2026-02-27T17:17:04Z,auth,auth_enUS_labelerexp,at://did:plc:2khzjaps4q42q5sqvjuuzcby/app.bsky.feed.post/3mfu6avjnvk26,bafyreiaawtvrokgt4a4r25kofzkv4jrjjgpdnqe354plqo4pw4xrqociii,did:plc:uac6er53o2pvr5y2qmvaf7hw,telegram-link,,at://did:plc:2khzjaps4q42q5sqvjuuzcby/app.bsky.actor.profile/self,2025-05-14T09:04:26.724Z
98d2acba98094e80b7bacd6ce8bf2e09,2026-02-27T17:00:00Z,2026-02-27T17:17:04Z,auth,auth_enUS_labelerexp,at://did:plc:sshbjytcktqcyujz4vxkx7m4/app.bsky.feed.post/3mfu5vkffbc2p,bafyreid2h7sm7ccz5fgalmc4hnubr2lltxu7i2t754u6g6o3tajvfnhug4,did:plc:sshbjytcktqcyujz4vxkx7m4,!no-unauthenticated,,at://did:plc:sshbjytcktqcyujz4vxkx7m4/app.bsky.actor.profile/self,1970-01-01T00:00:00.000Z
98d2acba98094e80b7bacd6ce8bf2e09,2026-02-27T17:00:00Z,2026-02-27T17:17:04Z,auth,auth_enUS_labelerexp,at://did:plc:3zreuc2exixhupehlsgssrgb/app.bsky.feed.post/3mfu5uoeowk24,bafyreieciefcpn7brjnftdhjuseb2z67qw3p7aton2mdswxk4tvsnmdzdm,did:plc:3zreuc2exixhupehlsgssrgb,!no-unauthenticated,,at://did:plc:3zreuc2exixhupehlsgssrgb/app.bsky.actor.profile/self,1970-01-01T00:00:00.000Z
98d2acba98094e80b7bacd6ce8bf2e09,2026-02-27T17:00:00Z,2026-02-27T17:17:04Z,auth,auth_enUS_labelerexp,at://did:plc:vxo45uhoucv5lhz7xgacfjq3/app.bsky.feed.post/3mfu5ted5cs2f,bafyreibyhxkb6dgqhvihytddtvkwsmmwmpi63kgg45cwgvz4lvsxxvg5xm,did:plc:vxo45uhoucv5lhz7xgacfjq3,!no-unauthenticated,,at://did:plc:vxo45uhoucv5lhz7xgacfjq3/app.bsky.actor.profile/self,1970-01-01T00:00:00.000Z
98d2acba98094e80b7bacd6ce8bf2e09,2026-02-27T17:00:00Z,2026-02-27T17:17:04Z,auth,auth_enUS_labelerexp,at://did:plc:x5s5zeh23yxlt3dqbmudyaha/app.bsky.feed.post/3mfu5qxnugk2g,bafyreiggebf2vzzn76thfvfa2jf5izovsr45ovbq73obiljbomlvxyn3c4,did:plc:x5s5zeh23yxlt3dqbmudyaha,!no-unauthenticated,,at://did:plc:x5s5zeh23yxlt3dqbmudyaha/app.bsky.actor.profile/self,2024-08-29T21:23:24.675Z
98d2acba98094e80b7bacd6ce8bf2e09,2026-02-27T17:00:00Z,2026-02-27T17:17:04Z,auth,auth_enUS_labelerexp,at://did:plc:rfz3xmyxmmvhum6u5yp3wp6m/app.bsky.feed.post/3mfu5qhlt7k22,bafyreiddqxlchr4xj3wwpfolbmaiprsvsnz2acszsocjscx5yii2q5m4hu,did:plc:rfz3xmyxmmvhum6u5yp3wp6m,!no-unauthenticated,,at://did:plc:rfz3xmyxmmvhum6u5yp3wp6m/app.bsky.actor.profile/self,1970-01-01T00:00:00.000Z
98d2acba98094e80b7bacd6ce8bf2e09,2026-02-27T17:00:00Z,2026-02-27T17:17:04Z,auth,auth_enUS_labelerexp,at://did:plc:d355fegr5sq6esintubkorbp/app.bsky.feed.post/3mfu5b5vtr22v,bafyreigc4u4mmmhexmzw3rfhwkezjzkp6bja4wmz2a2mjtcf6ic3xuvtvq,did:plc:d355fegr5sq6esintubkorbp,!no-unauthenticated,,at://did:plc:d355fegr5sq6esintubkorbp/app.bsky.actor.profile/self,2024-09-05T23:45:56.215Z
98d2acba98094e80b7bacd6ce8bf2e09,2026-02-27T17:00:00Z,2026-02-27T17:17:04Z,auth,auth_enUS_labelerexp,at://did:plc:ozujv3uorg7mxenm3lghpqbq/app.bsky.feed.post/3mfu55vvezc2f,bafyreibtinv2eza45itd3ruseqtetuwpty7q4xs325xgaxesaopmguo5ga,did:plc:ozujv3uorg7mxenm3lghpqbq,!no-unauthenticated,,at://did:plc:ozujv3uorg7mxenm3lghpqbq/app.bsky.actor.profile/self,1970-01-01T00:00:00.000Z
98d2acba98094e80b7bacd6ce8bf2e09,2026-02-27T17:00:00Z,2026-02-27T17:17:05Z,auth,auth_enUS_labelerexp,at://did:plc:7j3piddxomnufutjctyz2lou/app.bsky.feed.post/3mfu72incec2h,bafyreidl6iljpni3ga35fiehsv7cy2pexgq75dptmfj44odiqbz5ybjdrm,did:plc:uac6er53o2pvr5y2qmvaf7hw,abusive,,did:plc:7j3piddxomnufutjctyz2lou,2024-12-11T15:00:43.270Z
98d2acba98094e80b7bacd6ce8bf2e09,2026-02-27T17:00:00Z,2026-02-27T17:17:05Z,auth,auth_enUS_labelerexp,at://did:plc:7j3piddxomnufutjctyz2lou/app.bsky.feed.post/3mfu72incec2h,bafyreidl6iljpni3ga35fiehsv7cy2pexgq75dptmfj44odiqbz5ybjdrm,did:plc:uac6er53o2pvr5y2qmvaf7hw,hate-symbol,,did:plc:7j3piddxomnufutjctyz2lou,2025-05-02T15:06:19.172Z
98d2acba98094e80b7bacd6ce8bf2e09,2026-02-27T17:00:00Z,2026-02-27T17:17:05Z,auth,auth_enUS_labelerexp,at://did:plc:7j3piddxomnufutjctyz2lou/app.bsky.feed.post/3mfu72incec2h,bafyreidl6iljpni3ga35fiehsv7cy2pexgq75dptmfj44odiqbz5ybjdrm,did:plc:uac6er53o2pvr5y2qmvaf7hw,violent,,did:plc:7j3piddxomnufutjctyz2lou,2024-12-30T22:45:14.277Z
98d2acba98094e80b7bacd6ce8bf2e09,2026-02-27T17:00:00Z,2026-02-27T17:17:05Z,auth,auth_enUS_labelerexp,at://did:plc:yh5kl53hwy7rhahgcsuyef5a/app.bsky.feed.post/3mfu7acor422y,bafyreiallckueu74fvealaw5o2w6dybtlftbzszpbixtg6bubv7s3vl2nu,did:plc:yh5kl53hwy7rhahgcsuyef5a,!no-unauthenticated,,at://did:plc:yh5kl53hwy7rhahgcsuyef5a/app.bsky.actor.profile/self,1970-01-01T00:00:00.000Z
98d2acba98094e80b7bacd6ce8bf2e09,2026-02-27T17:00:00Z,2026-02-27T17:17:05Z,auth,auth_enUS_labelerexp,at://did:plc:y7uboy4qx4vi6al2uoonqkb2/app.bsky.feed.post/3mfu5u37wjs2w,bafyreiepeaze74fajbi65csbz2aifx4lnmq6trbgf4gdt6y5ulq5zeqsn4,did:plc:uac6er53o2pvr5y2qmvaf7hw,tiktok-link,,at://did:plc:y7uboy4qx4vi6al2uoonqkb2/app.bsky.feed.post/3mfu5u37wjs2w,2026-02-27T16:44:46.511Z
98d2acba98094e80b7bacd6ce8bf2e09,2026-02-27T17:00:00Z,2026-02-27T17:17:05Z,auth,auth_enUS_labelerexp,at://did:plc:5pgjs7bkvnk7oaqvkdyct7we/app.bsky.feed.post/3mfu536dzhk2k,bafyreia54jvmrsyqxrcdaaj54ccmjhicxtphehmoh2sx573dyibuqfixsa,did:plc:5pgjs7bkvnk7oaqvkdyct7we,!no-unauthenticated,,at://did:plc:5pgjs7bkvnk7oaqvkdyct7we/app.bsky.actor.profile/self,1970-01-01T00:00:00.000Z
98d2acba98094e80b7bacd6ce8bf2e09,2026-02-27T17:00:00Z,2026-02-27T17:17:05Z,auth,auth_enUS_labelerexp,at://did:plc:5pgjs7bkvnk7oaqvkdyct7we/app.bsky.feed.post/3mfu52uphgs2k,bafyreifzacu4ptylxfmqjrxk2amdyyso6wp57lykiwrksftfnjfnpinh4m,did:plc:5pgjs7bkvnk7oaqvkdyct7we,!no-unauthenticated,,at://did:plc:5pgjs7bkvnk7oaqvkdyct7we/app.bsky.actor.profile/self,1970-01-01T00:00:00.000Z
98d2acba98094e80b7bacd6ce8bf2e09,2026-02-27T17:00:00Z,2026-02-27T17:17:05Z,auth,auth_enUS_labelerexp,at://did:plc:bpixkjbxcfjodgrvkshdbey3/app.bsky.feed.post/3mfu3wd2g322u,bafyreiadapmuzy7c5pqiicbuuslth4fkg3aetysya5avejqwvew4vohcfe,did:plc:uac6er53o2pvr5y2qmvaf7hw,meta-link,,at://did:plc:bpixkjbxcfjodgrvkshdbey3/app.bsky.actor.profile/self,2026-02-25T18:54:50.643Z
98d2acba98094e80b7bacd6ce8bf2e09,2026-02-27T17:00:00Z,2026-02-27T17:17:05Z,auth,auth_enUS_labelerexp,at://did:plc:bpixkjbxcfjodgrvkshdbey3/app.bsky.feed.post/3mfu3wbtowm2n,bafyreicnqqe3unaw45is6p3f6eu3q7usxnkska4a7xdmq5j63443ftwbmu,did:plc:uac6er53o2pvr5y2qmvaf7hw,meta-link,,at://did:plc:bpixkjbxcfjodgrvkshdbey3/app.bsky.actor.profile/self,2026-02-25T18:54:50.643Z
98d2acba98094e80b7bacd6ce8bf2e09,2026-02-27T17:00:00Z,2026-02-27T17:17:05Z,auth,auth_enUS_labelerexp,at://did:plc:bpixkjbxcfjodgrvkshdbey3/app.bsky.feed.post/3mfu3w65ocs2k,bafyreidjxvvy7asditjm4xpaztv5j3efwufw5q6cskf6qfwaglkix56n2i,did:plc:uac6er53o2pvr5y2qmvaf7hw,meta-link,,at://did:plc:bpixkjbxcfjodgrvkshdbey3/app.bsky.actor.profile/self,2026-02-25T18:54:50.643Z
98d2acba98094e80b7bacd6ce8bf2e09,2026-02-27T17:00:00Z,2026-02-27T17:17:05Z,auth,auth_enUS_labelerexp,at://did:plc:en5gquqf4vplqxxohlysrwq3/app.bsky.feed.post/3mftxjuvp4c2v,bafyreigx5vrulhxuxtpoe75dx6pnrbou4pdqki2ripr6mgma543n3wzhpe,did:plc:en5gquqf4vplqxxohlysrwq3,!no-unauthenticated,,at://did:plc:en5gquqf4vplqxxohlysrwq3/app.bsky.actor.profile/self,1970-01-01T00:00:00.000Z
98d2acba98094e80b7bacd6ce8bf2e09,2026-02-27T17:00:00Z,2026-02-27T17:17:05Z,auth,auth_enUS_labelerexp,at://did:plc:yh5kl53hwy7rhahgcsuyef5a/app.bsky.feed.post/3mftwawigu22d,bafyreianx2b2a7acik22b55ivj53vk3ajajpvwxsufmh55hunllnsu42ku,did:plc:yh5kl53hwy7rhahgcsuyef5a,!no-unauthenticated,,at://did:plc:yh5kl53hwy7rhahgcsuyef5a/app.bsky.actor.profile/self,1970-01-01T00:00:00.000Z
98d2acba98094e80b7bacd6ce8bf2e09,2026-02-27T17:00:00Z,2026-02-27T17:17:05Z,auth,auth_enUS_labelerexp,at://did:plc:3wqkcuye6zomh2yg54qfgrjo/app.bsky.feed.post/3mftt3whl5k24,bafyreiagx2i3xoi2e5wcz4rfwvenhg64bygwvzedqryxacxg22dvqgc22e,did:plc:3wqkcuye6zomh2yg54qfgrjo,!no-unauthenticated,,at://did:plc:3wqkcuye6zomh2yg54qfgrjo/app.bsky.actor.profile/self,1970-01-01T00:00:00.000Z
98d2acba98094e80b7bacd6ce8bf2e09,2026-02-27T17:00:00Z,2026-02-27T17:17:05Z,auth,auth_enUS_labelerexp,at://did:plc:v2tnpostys3roodt34pg654h/app.bsky.feed.post/3mftslnc4gs2t,bafyreieedgjx4zg7b2hpssh6q3zj4g354rf2snk7myugbysyvcn6rx3le4,did:plc:v2tnpostys3roodt34pg654h,!no-unauthenticated,,at://did:plc:v2tnpostys3roodt34pg654h/app.bsky.actor.profile/self,1970-01-01T00:00:00.000Z
98d2acba98094e80b7bacd6ce8bf2e09,2026-02-27T17:00:00Z,2026-02-27T17:17:05Z,auth,auth_enUS_labelerexp,at://did:plc:yh5kl53hwy7rhahgcsuyef5a/app.bsky.feed.post/3mftnc4iv222b,bafyreiclhjcsr6j3x73sm7kyi67glefpol6z2rwyuz4zhrc2f5f5e4jgqm,did:plc:yh5kl53hwy7rhahgcsuyef5a,!no-unauthenticated,,at://did:plc:yh5kl53hwy7rhahgcsuyef5a/app.bsky.actor.profile/self,1970-01-01T00:00:00.000Z
98d2acba98094e80b7bacd6ce8bf2e09,2026-02-27T17:00:00Z,2026-02-27T17:17:06Z,auth,auth_enUS_labelerexp,at://did:plc:t6xm4zrxilskfwjta2x7lu56/app.bsky.feed.post/3mfu7j6gssh2r,bafyreibuqsuqtvhdez2w5uukvz3f4wecj7yw2z2udi2yitincc6d5vccje,did:plc:uac6er53o2pvr5y2qmvaf7hw,x-link,,at://did:plc:t6xm4zrxilskfwjta2x7lu56/app.bsky.actor.profile/self,2025-05-18T19:22:18.554Z
98d2acba98094e80b7bacd6ce8bf2e09,2026-02-27T17:00:00Z,2026-02-27T17:17:06Z,auth,auth_enUS_labelerexp,at://did:plc:t6xm4zrxilskfwjta2x7lu56/app.bsky.feed.post/3mfu7j6gssh2r,bafyreibuqsuqtvhdez2w5uukvz3f4wecj7yw2z2udi2yitincc6d5vccje,did:plc:uac6er53o2pvr5y2qmvaf7hw,altrightlink,,at://did:plc:t6xm4zrxilskfwjta2x7lu56/app.bsky.actor.profile/self,2025-04-01T19:29:21.959Z
98d2acba98094e80b7bacd6ce8bf2e09,2026-02-27T17:00:00Z,2026-02-27T17:17:06Z,auth,auth_enUS_labelerexp,at://did:plc:eclio37ymobqex2ncko63h4r/app.bsky.feed.post/3mfu7dv6b6b2u,bafyreigjb6vikp2ozg4f54oyabhbevdo6n67gvnkpd5r5y3ahmbcdednli,did:plc:uac6er53o2pvr5y2qmvaf7hw,caution,,did:plc:eclio37ymobqex2ncko63h4r,2025-10-09T12:04:28.428Z
98d2acba98094e80b7bacd6ce8bf2e09,2026-02-27T17:00:00Z,2026-02-27T17:17:08Z,auth,auth_enUS_labelerexp,at://did:plc:7qtq527leq557kkolby2m23a/app.bsky.feed.post/3mfu7mfuirs2b,bafyreibggou5mzle6ropidftkvlhdvxyev3i33sa7g6hok4vq3tuoo3t3m,did:plc:7qtq527leq557kkolby2m23a,!no-unauthenticated,,at://did:plc:7qtq527leq557kkolby2m23a/app.bsky.actor.profile/self,2026-01-25T09:05:38.707Z
98d2acba98094e80b7bacd6ce8bf2e09,2026-02-27T17:00:00Z,2026-02-27T17:17:08Z,auth,auth_enUS_labelerexp,at://did:plc:i34nntmuy7hr53fkbxdovjrt/app.bsky.feed.post/3mfu7mfnwt22c,bafyreidbsiogfcrimvfwecsp7imn6betlzce2mnfzs36wkx6x4bmsveiva,did:plc:i34nntmuy7hr53fkbxdovjrt,!no-unauthenticated,,at://did:plc:i34nntmuy7hr53fkbxdovjrt/app.bsky.actor.profile/self,2025-02-18T12:46:39.884Z
98d2acba98094e80b7bacd6ce8bf2e09,2026-02-27T17:00:00Z,2026-02-27T17:17:08Z,auth,auth_enUS_labelerexp,at://did:plc:acagqgtmfkhukg7nl6yri3gx/app.bsky.feed.post/3mfu7mcoj4c2d,bafyreiecw6k5ewgjqh5rhbtnhz6tsimdpsvmoftsbwxhoicgy77mjdapdm,did:plc:acagqgtmfkhukg7nl6yri3gx,!no-unauthenticated,,at://did:plc:acagqgtmfkhukg7nl6yri3gx/app.bsky.actor.profile/self,2024-11-24T04:57:01.910Z
98d2acba98094e80b7bacd6ce8bf2e09,2026-02-27T17:00:00Z,2026-02-27T17:17:08Z,auth,auth_enUS_labelerexp,at://did:plc:acagqgtmfkhukg7nl6yri3gx/app.bsky.feed.post/3mfu7mcoh5s2d,bafyreifs7upssnxvrfww2sfwd5snl7eepi7rdlzrcfrug6t3id74xwpvke,did:plc:acagqgtmfkhukg7nl6yri3gx,!no-unauthenticated,,at://did:plc:acagqgtmfkhukg7nl6yri3gx/app.bsky.actor.profile/self,2024-11-24T04:57:01.910Z
98d2acba98094e80b7bacd6ce8bf2e09,2026-02-27T17:00:00Z,2026-02-27T17:17:08Z,auth,auth_enUS_labelerexp,at://did:plc:acagqgtmfkhukg7nl6yri3gx/app.bsky.feed.post/3mfu7mcndys2d,bafyreigpcps762eg4agvoso2gfutfliarg3kubv3nawut2dwnloifi6lra,did:plc:acagqgtmfkhukg7nl6yri3gx,!no-unauthenticated,,at://did:plc:acagqgtmfkhukg7nl6yri3gx/app.bsky.actor.profile/self,2024-11-24T04:57:01.910Z
98d2acba98094e80b7bacd6ce8bf2e09,2026-02-27T17:00:00Z,2026-02-27T17:17:08Z,auth,auth_enUS_labelerexp,at://did:plc:htsdgknhjq4kjbuvmdzdflsu/app.bsky.feed.post/3mfu7mbwubk23,bafyreihesayzyxjcm3x7apmd7tqctelbi4wbt5vjnbkq3vmhdk7jphzxeq,did:plc:htsdgknhjq4kjbuvmdzdflsu,!no-unauthenticated,,at://did:plc:htsdgknhjq4kjbuvmdzdflsu/app.bsky.actor.profile/self,2025-12-11T06:05:17.383Z
98d2acba98094e80b7bacd6ce8bf2e09,2026-02-27T17:00:00Z,2026-02-27T17:17:08Z,auth,auth_enUS_labelerexp,at://did:plc:p4uluc6tgsxvk6ek4uii2dkk/app.bsky.feed.post/3mfu7m7uxuv2y,bafyreid6r474sykwyy4leimwqzlzmu4tegvkxcw4df2w3vgn6uls4fua4m,did:plc:uac6er53o2pvr5y2qmvaf7hw,high-total-facet-count,,at://did:plc:p4uluc6tgsxvk6ek4uii2dkk/app.bsky.feed.post/3mfu7m7uxuv2y,2026-02-27T17:16:06.375Z
98d2acba98094e80b7bacd6ce8bf2e09,2026-02-27T17:00:00Z,2026-02-27T17:17:08Z,auth,auth_enUS_labelerexp,at://did:plc:p4uluc6tgsxvk6ek4uii2dkk/app.bsky.feed.post/3mfu7m7uxuv2y,bafyreid6r474sykwyy4leimwqzlzmu4tegvkxcw4df2w3vgn6uls4fua4m,did:plc:ar7c4by46qjdydhdevvrndac,porn,,at://did:plc:p4uluc6tgsxvk6ek4uii2dkk/app.bsky.feed.post/3mfu7m7uxuv2y,2026-02-27T17:16:05.741Z
98d2acba98094e80b7bacd6ce8bf2e09,2026-02-27T17:00:00Z,2026-02-27T17:17:08Z,auth,auth_enUS_labelerexp,at://did:plc:p4uluc6tgsxvk6ek4uii2dkk/app.bsky.feed.post/3mfu7m7uxuv2y,bafyreid6r474sykwyy4leimwqzlzmu4tegvkxcw4df2w3vgn6uls4fua4m,did:plc:uac6er53o2pvr5y2qmvaf7hw,telegram-link,,at://did:plc:p4uluc6tgsxvk6ek4uii2dkk/app.bsky.actor.profile/self,2026-02-27T17:16:33.659Z
98d2acba98094e80b7bacd6ce8bf2e09,2026-02-27T17:00:00Z,2026-02-27T17:17:08Z,auth,auth_enUS_labelerexp,at://did:plc:olkoikm3wbzcpwnklnt5xplh/app.bsky.feed.post/3mfu7m4l6522q,bafyreihyqjki5uyyochx4chkz77reyzur6hzq33lamjpwobuujbv4verua,did:plc:olkoikm3wbzcpwnklnt5xplh,!no-unauthenticated,,at://did:plc:olkoikm3wbzcpwnklnt5xplh/app.bsky.actor.profile/self,2024-10-17T05:33:22.615Z
98d2acba98094e80b7bacd6ce8bf2e09,2026-02-27T17:00:00Z,2026-02-27T17:17:08Z,auth,auth_enUS_labelerexp,at://did:plc:bavl6j7wzu5ki3reuvgkpoap/app.bsky.feed.post/3mfu7lr6hac2t,bafyreifk4woebjigf72fkrh4dy2jaox5infelvrqwo4uqm6tbj6dxzh4m4,did:plc:bavl6j7wzu5ki3reuvgkpoap,!no-unauthenticated,,at://did:plc:bavl6j7wzu5ki3reuvgkpoap/app.bsky.actor.profile/self,1970-01-01T00:00:00.000Z
98d2acba98094e80b7bacd6ce8bf2e09,2026-02-27T17:00:00Z,2026-02-27T17:17:08Z,auth,auth_enUS_labelerexp,at://did:plc:bcksg76yoazrd2vq3manipuy/app.bsky.feed.post/3mfu7lmwcs22g,bafyreibzo5lbhep6s5phwhv4pnrm7spr24ymbet3yveidvk3va2jqonzhy,did:plc:bcksg76yoazrd2vq3manipuy,!no-unauthenticated,,at://did:plc:bcksg76yoazrd2vq3manipuy/app.bsky.actor.profile/self,2024-10-17T07:39:37.041Z
98d2acba98094e80b7bacd6ce8bf2e09,2026-02-27T17:00:00Z,2026-02-27T17:17:08Z,auth,auth_enUS_labelerexp,at://did:plc:qjvbwkahq4oxr5iskxax6xbq/app.bsky.feed.post/3mfu7lhfeok2j,bafyreibs2ill4f54xyxzehk4nc4jde5sinxe52ztpj4hn63vabvsh6shky,did:plc:qjvbwkahq4oxr5iskxax6xbq,!no-unauthenticated,,at://did:plc:qjvbwkahq4oxr5iskxax6xbq/app.bsky.actor.profile/self,2024-11-17T10:41:43.095Z
98d2acba98094e80b7bacd6ce8bf2e09,2026-02-27T17:00:00Z,2026-02-27T17:17:08Z,auth,auth_enUS_labelerexp,at://did:plc:ao4r4zmhud3dzxwjmx5lluif/app.bsky.feed.post/3mfu7lgodes2k,bafyreicqr2fegm3epzjno6tfctyaulpel7k4pvnwht6vdvaprysgjodb54,did:plc:ao4r4zmhud3dzxwjmx5lluif,!no-unauthenticated,,at://did:plc:ao4r4zmhud3dzxwjmx5lluif/app.bsky.actor.profile/self,2024-10-17T09:34:53.054Z
98d2acba98094e80b7bacd6ce8bf2e09,2026-02-27T17:00:00Z,2026-02-27T17:17:08Z,auth,auth_enUS_labelerexp,at://did:plc:jog5334wxcmnryxehikpgobl/app.bsky.feed.post/3mfu7lgmuis2g,bafyreihfc6gdnpcgyqozp2fd2xufwtffkju35advv6t3wqe5r7copqw7km,did:plc:jog5334wxcmnryxehikpgobl,!no-unauthenticated,,at://did:plc:jog5334wxcmnryxehikpgobl/app.bsky.actor.profile/self,1970-01-01T00:00:00.000Z
98d2acba98094e80b7bacd6ce8bf2e09,2026-02-27T17:00:00Z,2026-02-27T17:17:08Z,auth,auth_enUS_labelerexp,at://did:plc:uxv7i3rf66wa7ymmofizgqqv/app.bsky.feed.post/3mfu7lh3ahbb2,bafyreic2boqxhuaslnoiyukqqonh6scge7wrfbvv5zdpcz4dntpcvd2qa4,did:plc:uxv7i3rf66wa7ymmofizgqqv,bridged-from-bridgy-fed-activitypub,,at://did:plc:uxv7i3rf66wa7ymmofizgqqv/app.bsky.actor.profile/self,1970-01-01T00:00:00.000Z
98d2acba98094e80b7bacd6ce8bf2e09,2026-02-27T17:00:00Z,2026-02-27T17:17:08Z,auth,auth_enUS_labelerexp,at://did:plc:akkksgqqy5ty2kxrjincnypi/app.bsky.feed.post/3mfu7kthy722k,bafyreid6p7iotseotefrmn3oawyepk2kayatvdoqok33mi335ydnmhtdee,did:plc:akkksgqqy5ty2kxrjincnypi,!no-unauthenticated,,at://did:plc:akkksgqqy5ty2kxrjincnypi/app.bsky.actor.profile/self,1970-01-01T00:00:00.000Z
98d2acba98094e80b7bacd6ce8bf2e09,2026-02-27T17:00:00Z,2026-02-27T17:17:08Z,auth,auth_enUS_labelerexp,at://did:plc:2sdjcp3glezwez4imm5ravyk/app.bsky.feed.post/3mfu7kr26ws22,bafyreicoixcd2svbtom62pzfrf4ciqevryn4w4lplyo5ncqpzxbowv66z4,did:plc:ar7c4by46qjdydhdevvrndac,graphic-media,,at://did:plc:2sdjcp3glezwez4imm5ravyk/app.bsky.feed.post/3mfu7kr26ws22,2026-02-27T17:15:18.001Z
98d2acba98094e80b7bacd6ce8bf2e09,2026-02-27T17:00:00Z,2026-02-27T17:17:08Z,auth,auth_enUS_labelerexp,at://did:plc:alkwpb6ww5foukd4yb6zgbl5/app.bsky.feed.post/3mfu7kqhwxc27,bafyreighumnelroljpvzfsppo64kgsj6k66enbxbt4zj6dikmfemwsiwsa,did:plc:alkwpb6ww5foukd4yb6zgbl5,!no-unauthenticated,,at://did:plc:alkwpb6ww5foukd4yb6zgbl5/app.bsky.actor.profile/self,1970-01-01T00:00:00.000Z
98d2acba98094e80b7bacd6ce8bf2e09,2026-02-27T17:00:00Z,2026-02-27T17:17:08Z,auth,auth_enUS_labelerexp,at://did:plc:ritow7liqz2ochk6nmdvscrc/app.bsky.feed.post/3mfu7kprxtc2l,bafyreigcwipkf7a3gjolke6rgna2mfkzs3mi5xs2pi6fkux25wtysyndtm,did:plc:ritow7liqz2ochk6nmdvscrc,!no-unauthenticated,,at://did:plc:ritow7liqz2ochk6nmdvscrc/app.bsky.actor.profile/self,2024-10-17T04:45:47.622Z
98d2acba98094e80b7bacd6ce8bf2e09,2026-02-27T17:00:00Z,2026-02-27T17:17:08Z,auth,auth_enUS_labelerexp,at://did:plc:45mmgxfykybbjfysjqkph42k/app.bsky.feed.post/3mfu7kejauc2p,bafyreigiz5avu5wuaxuludgshiodxzotlo7ragahuifwp7aonvg7khrsmm,did:plc:45mmgxfykybbjfysjqkph42k,!no-unauthenticated,,at://did:plc:45mmgxfykybbjfysjqkph42k/app.bsky.actor.profile/self,2024-10-17T14:11:58.376Z
98d2acba98094e80b7bacd6ce8bf2e09,2026-02-27T17:00:00Z,2026-02-27T17:17:08Z,auth,auth_enUS_labelerexp,at://did:plc:mduxyb2jujeldqf3i6w2dax3/app.bsky.feed.post/3mfu7kdm2c224,bafyreielj3feqxolmk4p74vzumjxcue7h62jmzaqdn76mqxr7xucviw5qe,did:plc:mduxyb2jujeldqf3i6w2dax3,!no-unauthenticated,,at://did:plc:mduxyb2jujeldqf3i6w2dax3/app.bsky.actor.profile/self,2025-04-07T10:13:07.037Z
98d2acba98094e80b7bacd6ce8bf2e09,2026-02-27T17:00:00Z,2026-02-27T17:17:08Z,auth,auth_enUS_labelerexp,at://did:plc:uxv7i3rf66wa7ymmofizgqqv/app.bsky.feed.post/3mfu7kd6wnm72,bafyreihoiaglnkxs7f7m67w5x5qcaqhn4xdnm7ncl62npxhmlxtmndioai,did:plc:uxv7i3rf66wa7ymmofizgqqv,bridged-from-bridgy-fed-activitypub,,at://did:plc:uxv7i3rf66wa7ymmofizgqqv/app.bsky.actor.profile/self,1970-01-01T00:00:00.000Z
98d2acba98094e80b7bacd6ce8bf2e09,2026-02-27T17:00:00Z,2026-02-27T17:17:08Z,auth,auth_enUS_labelerexp,at://did:plc:pjnmxez53hvedpcxketru47f/app.bsky.feed.post/3mfu7kbumu222,bafyreihur54ljh6w5wdrthuzfxziglk7jctb4qg33rfrq6ovuwsom5r6va,did:plc:pjnmxez53hvedpcxketru47f,!no-unauthenticated,,at://did:plc:pjnmxez53hvedpcxketru47f/app.bsky.actor.profile/self,1970-01-01T00:00:00.000Z
98d2acba98094e80b7bacd6ce8bf2e09,2026-02-27T17:00:00Z,2026-02-27T17:17:08Z,auth,auth_enUS_labelerexp,at://did:plc:alkwpb6ww5foukd4yb6zgbl5/app.bsky.feed.post/3mfu7k274fs27,bafyreiae62z5bvkjh24u6a3m556uyrq6drapxalxhk6qdtdofxyhbexwo4,did:plc:alkwpb6ww5foukd4yb6zgbl5,!no-unauthenticated,,at://did:plc:alkwpb6ww5foukd4yb6zgbl5/app.bsky.actor.profile/self,1970-01-01T00:00:00.000Z
98d2acba98094e80b7bacd6ce8bf2e09,2026-02-27T17:00:00Z,2026-02-27T17:17:08Z,auth,auth_enUS_labelerexp,at://did:plc:nphdbvlrqj5ck6fjgs7igcfd/app.bsky.feed.post/3mfu7jxwi6s2y,bafyreic7li7y4if7lwscrzrmnc5z72rmzuxkkjeuxi73tgt5fcqi7vqztu,did:plc:nphdbvlrqj5ck6fjgs7igcfd,!no-unauthenticated,,at://did:plc:nphdbvlrqj5ck6fjgs7igcfd/app.bsky.actor.profile/self,2024-11-21T11:32:21.987Z
98d2acba98094e80b7bacd6ce8bf2e09,2026-02-27T17:00:00Z,2026-02-27T17:17:09Z,auth,auth_enUS_labelerexp,at://did:plc:odqmsar3ikz5ubokya4sempk/app.bsky.feed.post/3lkhk6c2ehf2n,bafyreiaewzsjpf74dr2xaqmtuw7bf2sppbxvzoo3ds3xseflvg6pak3d64,did:plc:l624mewisyr6hymexmrjkprc,artistdesigner,,did:plc:odqmsar3ikz5ubokya4sempk,2025-07-18T21:18:07.510Z
98d2acba98094e80b7bacd6ce8bf2e09,2026-02-27T17:00:00Z,2026-02-27T17:17:09Z,auth,auth_enUS_labelerexp,at://did:plc:ssg5r5w4cytq3qiupc7oebjf/app.bsky.feed.post/3mfu7lcsz3k2z,bafyreiervsyls6ypmrmgncvmizk52adc6pfauwi6cltcxykasw3dlq3irq,did:plc:uac6er53o2pvr5y2qmvaf7hw,x-link,,at://did:plc:ssg5r5w4cytq3qiupc7oebjf/app.bsky.actor.profile/self,2025-04-19T15:22:48.561Z
98d2acba98094e80b7bacd6ce8bf2e09,2026-02-27T17:00:00Z,2026-02-27T17:17:09Z,auth,auth_enUS_labelerexp,at://did:plc:sjjv3wtgmvibqzmxjyp5ctza/app.bsky.feed.post/3mfu7kqvqec2w,bafyreihydxavnmcgbx3cplpqjk73evo5eaye5sthcs5qkveqeyiw2c4axq,did:plc:sjjv3wtgmvibqzmxjyp5ctza,!no-unauthenticated,,at://did:plc:sjjv3wtgmvibqzmxjyp5ctza/app.bsky.actor.profile/self,2024-05-31T13:07:17.423Z
98d2acba98094e80b7bacd6ce8bf2e09,2026-02-27T17:00:00Z,2026-02-27T17:17:09Z,auth,auth_enUS_labelerexp,at://did:plc:w3azqtazejds4bc6ruqazpnf/app.bsky.feed.post/3mfu7klmcic2q,bafyreibxpeov7p6t4uo2jarnrmyfexefxzgglwquhc2wdvdmarn4jg47zu,did:plc:ar7c4by46qjdydhdevvrndac,needs-review,,did:plc:w3azqtazejds4bc6ruqazpnf,2026-02-25T11:11:24.006Z
98d2acba98094e80b7bacd6ce8bf2e09,2026-02-27T17:00:00Z,2026-02-27T17:17:09Z,auth,auth_enUS_labelerexp,at://did:plc:5xsul4l63ojyuozqpp4sepru/app.bsky.feed.post/3mfu7k3454l2k,bafyreieayypmg6ccgtcidr5nz2ztvtdfzphdxctp6uo7cipkgcve2tsk44,did:plc:5xsul4l63ojyuozqpp4sepru,porn,,at://did:plc:5xsul4l63ojyuozqpp4sepru/app.bsky.feed.post/3mfu7k3454l2k,2026-02-27T17:14:48.958Z
98d2acba98094e80b7bacd6ce8bf2e09,2026-02-27T17:00:00Z,2026-02-27T17:17:09Z,auth,auth_enUS_labelerexp,at://did:plc:5xsul4l63ojyuozqpp4sepru/app.bsky.feed.post/3mfu7k3454l2k,bafyreieayypmg6ccgtcidr5nz2ztvtdfzphdxctp6uo7cipkgcve2tsk44,did:plc:l624mewisyr6hymexmrjkprc,artistdesigner,,did:plc:5xsul4l63ojyuozqpp4sepru,2024-10-21T18:18:45.988Z
98d2acba98094e80b7bacd6ce8bf2e09,2026-02-27T17:00:00Z,2026-02-27T17:17:09Z,auth,auth_enUS_labelerexp,at://did:plc:5xsul4l63ojyuozqpp4sepru/app.bsky.feed.post/3mfu7k3454l2k,bafyreieayypmg6ccgtcidr5nz2ztvtdfzphdxctp6uo7cipkgcve2tsk44,did:plc:l624mewisyr6hymexmrjkprc,streamer,,did:plc:5xsul4l63ojyuozqpp4sepru,2024-10-21T18:18:55.559Z
98d2acba98094e80b7bacd6ce8bf2e09,2026-02-27T17:00:00Z,2026-02-27T17:17:09Z,auth,auth_enUS_labelerexp,at://did:plc:5xsul4l63ojyuozqpp4sepru/app.bsky.feed.post/3mfu7k3454l2k,bafyreieayypmg6ccgtcidr5nz2ztvtdfzphdxctp6uo7cipkgcve2tsk44,did:plc:uac6er53o2pvr5y2qmvaf7hw,telegram-link,,at://did:plc:5xsul4l63ojyuozqpp4sepru/app.bsky.actor.profile/self,2025-11-02T21:19:58.527Z
98d2acba98094e80b7bacd6ce8bf2e09,2026-02-27T17:00:00Z,2026-02-27T17:17:09Z,auth,auth_enUS_labelerexp,at://did:plc:5xsul4l63ojyuozqpp4sepru/app.bsky.feed.post/3mfu7k3454l2k,bafyreieayypmg6ccgtcidr5nz2ztvtdfzphdxctp6uo7cipkgcve2tsk44,did:plc:5xsul4l63ojyuozqpp4sepru,!no-unauthenticated,,at://did:plc:5xsul4l63ojyuozqpp4sepru/app.bsky.actor.profile/self,1970-01-01T00:00:00.000Z
98d2acba98094e80b7bacd6ce8bf2e09,2026-02-27T17:00:00Z,2026-02-27T17:17:09Z,auth,auth_enUS_labelerexp,at://did:plc:u3znxl7p4y2fpukvsxzva7ht/app.bsky.feed.post/3mfu7irhoh227,bafyreihdq7qxmwpyftjysaciycgunsyvxxwfybaowheba5jydm3lx3lzsu,did:plc:u3znxl7p4y2fpukvsxzva7ht,porn,,at://did:plc:u3znxl7p4y2fpukvsxzva7ht/app.bsky.feed.post/3mfu7irhoh227,2026-02-27T17:14:08.575Z
98d2acba98094e80b7bacd6ce8bf2e09,2026-02-27T17:00:00Z,2026-02-27T17:17:09Z,auth,auth_enUS_labelerexp,at://did:plc:u3znxl7p4y2fpukvsxzva7ht/app.bsky.feed.post/3mfu7irhoh227,bafyreihdq7qxmwpyftjysaciycgunsyvxxwfybaowheba5jydm3lx3lzsu,did:plc:u3znxl7p4y2fpukvsxzva7ht,!no-unauthenticated,,at://did:plc:u3znxl7p4y2fpukvsxzva7ht/app.bsky.actor.profile/self,2025-01-11T19:04:46.408Z
98d2acba98094e80b7bacd6ce8bf2e09,2026-02-27T17:00:00Z,2026-02-27T17:17:09Z,auth,auth_enUS_labelerexp,at://did:plc:odqmsar3ikz5ubokya4sempk/app.bsky.feed.post/3memjy5ku3s22,bafyreicmxfvdsotbmabkuqarzy3ba7pcgynalhstyfj6wpb2it3mtu5sea,did:plc:l624mewisyr6hymexmrjkprc,artistdesigner,,did:plc:odqmsar3ikz5ubokya4sempk,2025-07-18T21:18:07.510Z
98d2acba98094e80b7bacd6ce8bf2e09,2026-02-27T17:00:00Z,2026-02-27T17:17:09Z,auth,auth_enUS_labelerexp,at://did:plc:4mdqyh6nkdla3uobif7pn75p/app.bsky.feed.post/3mfu7io2q4k22,bafyreiaej4immb6jq74g5torrkcyl4mcpyimmuu5kbp4lqc5eujo4f4l7e,did:plc:4mdqyh6nkdla3uobif7pn75p,!no-unauthenticated,,at://did:plc:4mdqyh6nkdla3uobif7pn75p/app.bsky.actor.profile/self,2025-02-02T19:59:09.598Z
98d2acba98094e80b7bacd6ce8bf2e09,2026-02-27T17:00:00Z,2026-02-27T17:17:09Z,auth,auth_enUS_labelerexp,at://did:plc:r7djlpqffiug4wfh3ajaw5jw/app.bsky.feed.post/3mfu7ijeu7s2t,bafyreigu64jznh44tqc5dzydxsejcdxzd55sdny5mcgv2vrbumoc7twfrq,did:plc:uac6er53o2pvr5y2qmvaf7hw,meta-link,,at://did:plc:r7djlpqffiug4wfh3ajaw5jw/app.bsky.actor.profile/self,2026-02-09T15:22:20.809Z
98d2acba98094e80b7bacd6ce8bf2e09,2026-02-27T17:00:00Z,2026-02-27T17:17:09Z,auth,auth_enUS_labelerexp,at://did:plc:qz262tkf3jaw2qyn2yavru4q/app.bsky.feed.post/3mfu7i6dz7c27,bafyreihiq6a5t2gjfybrxhyygbhboluay5t65e7qbtubzsk5g67l4ty4ta,did:plc:ar7c4by46qjdydhdevvrndac,sexual,,at://did:plc:qz262tkf3jaw2qyn2yavru4q/app.bsky.feed.post/3mfu7i6dz7c27,2026-02-27T17:13:58.751Z
98d2acba98094e80b7bacd6ce8bf2e09,2026-02-27T17:00:00Z,2026-02-27T17:17:09Z,auth,auth_enUS_labelerexp,at://did:plc:qz262tkf3jaw2qyn2yavru4q/app.bsky.feed.post/3mfu7i6dz7c27,bafyreihiq6a5t2gjfybrxhyygbhboluay5t65e7qbtubzsk5g67l4ty4ta,did:plc:qz262tkf3jaw2qyn2yavru4q,nudity,,at://did:plc:qz262tkf3jaw2qyn2yavru4q/app.bsky.feed.post/3mfu7i6dz7c27,2026-02-27T17:13:48.527Z
98d2acba98094e80b7bacd6ce8bf2e09,2026-02-27T17:00:00Z,2026-02-27T17:17:09Z,auth,auth_enUS_labelerexp,at://did:plc:tbkhgbjvttqwyaipbfbfri5f/app.bsky.feed.post/3mfu7hw5lqk2k,bafyreiajyfq2sjzkqfljhaxxxzo4sesltzbqirvrxjiyh5vuau3gbqydz4,did:plc:tbkhgbjvttqwyaipbfbfri5f,!no-unauthenticated,,at://did:plc:tbkhgbjvttqwyaipbfbfri5f/app.bsky.actor.profile/self,1970-01-01T00:00:00.000Z
98d2acba98094e80b7bacd6ce8bf2e09,2026-02-27T17:00:00Z,2026-02-27T17:17:09Z,auth,auth_enUS_labelerexp,at://did:plc:ecgtthkrpxgvd327ifukqlgc/app.bsky.feed.post/3mfu7hdocts2j,bafyreiaxt35r7kkenomxzc4u2mcdhyl2i4gut7c7fk7wo4qcldip4m5n6u,did:plc:ecgtthkrpxgvd327ifukqlgc,!no-unauthenticated,,at://did:plc:ecgtthkrpxgvd327ifukqlgc/app.bsky.actor.profile/self,2024-11-13T20:21:07.491Z
98d2acba98094e80b7bacd6ce8bf2e09,2026-02-27T17:00:00Z,2026-02-27T17:17:09Z,auth,auth_enUS_labelerexp,at://did:plc:kcnrr3ccklx3skuufvtoayzo/app.bsky.feed.post/3mfu7gy2als2c,bafyreiblwiwrqtp5nyv7s7yjdzs3ef5unf47oy3y33ayndv4qdawy5sg5a,did:plc:kcnrr3ccklx3skuufvtoayzo,!no-unauthenticated,,at://did:plc:kcnrr3ccklx3skuufvtoayzo/app.bsky.actor.profile/self,2025-01-26T19:52:14.365Z
98d2acba98094e80b7bacd6ce8bf2e09,2026-02-27T17:00:00Z,2026-02-27T17:17:09Z,auth,auth_enUS_labelerexp,at://did:plc:zdrlukhypadq4gx2lemxqas3/app.bsky.feed.post/3mfu7elklfk2c,bafyreib3kwpfu34dyg6cwvjcqmnhzy3lfa6k3gnjkf232uier2uc3kkhie,did:plc:ar7c4by46qjdydhdevvrndac,sexual,,at://did:plc:zdrlukhypadq4gx2lemxqas3/app.bsky.feed.post/3mfu7elklfk2c,2026-02-27T17:11:57.958Z
98d2acba98094e80b7bacd6ce8bf2e09,2026-02-27T17:00:00Z,2026-02-27T17:17:09Z,auth,auth_enUS_labelerexp,at://did:plc:pk53hjsbqkidkodrtzfzlfkh/app.bsky.feed.post/3mfu7ejfkg223,bafyreigiwvch6lycwjt572zfkh2kaoorir5albgsqtcxmcsgyzvmmfsyku,did:plc:pk53hjsbqkidkodrtzfzlfkh,!no-unauthenticated,,at://did:plc:pk53hjsbqkidkodrtzfzlfkh/app.bsky.actor.profile/self,1970-01-01T00:00:00.000Z
98d2acba98094e80b7bacd6ce8bf2e09,2026-02-27T17:00:00Z,2026-02-27T17:17:10Z,auth,auth_enUS_labelerexp,at://did:plc:2vo6sg3cbwg5yh6lsyqjp47g/app.bsky.feed.post/3mfu762ylzc27,bafyreigogeujacgxarnrq3qyjkpwnxdf3c2losedeyzrv24oiymwqk7lvm,did:plc:2vo6sg3cbwg5yh6lsyqjp47g,!no-unauthenticated,,at://did:plc:2vo6sg3cbwg5yh6lsyqjp47g/app.bsky.actor.profile/self,1970-01-01T00:00:00.000Z
98d2acba98094e80b7bacd6ce8bf2e09,2026-02-27T17:00:00Z,2026-02-27T17:17:10Z,auth,auth_enUS_labelerexp,at://did:plc:c6k2ozisr2bbitsafwwyistf/app.bsky.feed.post/3mfu6xu7wys2j,bafyreifss6yrh77kqqpm5hhansaecl5maajzqg33reccvl4netdiiwwpjm,did:plc:c6k2ozisr2bbitsafwwyistf,!no-unauthenticated,,at://did:plc:c6k2ozisr2bbitsafwwyistf/app.bsky.actor.profile/self,1970-01-01T00:00:00.000Z
98d2acba98094e80b7bacd6ce8bf2e09,2026-02-27T17:00:00Z,2026-02-27T17:17:10Z,auth,auth_enUS_labelerexp,at://did:plc:kozyhctg3gwrygp5zgtan5ju/app.bsky.feed.post/3mfu6fkkfj22v,bafyreihdashninaw6aggv3prjfqeebonbsfa7wz6vf3mtksonb362epiqa,did:plc:uac6er53o2pvr5y2qmvaf7hw,abusive,,did:plc:kozyhctg3gwrygp5zgtan5ju,2025-10-21T20:01:00.806Z
98d2acba98094e80b7bacd6ce8bf2e09,2026-02-27T17:00:00Z,2026-02-27T17:17:10Z,auth,auth_enUS_labelerexp,at://did:plc:kozyhctg3gwrygp5zgtan5ju/app.bsky.feed.post/3mfu6fkkfj22v,bafyreihdashninaw6aggv3prjfqeebonbsfa7wz6vf3mtksonb362epiqa,did:plc:uac6er53o2pvr5y2qmvaf7hw,disinfo,,did:plc:kozyhctg3gwrygp5zgtan5ju,2025-10-21T20:01:00.806Z
98d2acba98094e80b7bacd6ce8bf2e09,2026-02-27T17:00:00Z,2026-02-27T17:17:10Z,auth,auth_enUS_labelerexp,at://did:plc:kozyhctg3gwrygp5zgtan5ju/app.bsky.feed.post/3mfu6fkkfj22v,bafyreihdashninaw6aggv3prjfqeebonbsfa7wz6vf3mtksonb362epiqa,did:plc:cnn3jrtucivembf66xe6fdfs,anti,,did:plc:kozyhctg3gwrygp5zgtan5ju,2024-05-03T16:55:50.296Z
98d2acba98094e80b7bacd6ce8bf2e09,2026-02-27T17:00:00Z,2026-02-27T17:17:10Z,auth,auth_enUS_labelerexp,at://did:plc:oqbijttmayqui2xv3e2xwcdz/app.bsky.feed.post/3mfu5p6e5ps2w,bafyreifs4ekxaocgcr73e6mizbq4uauj66w6cn4j2kzscdwhxg7y3plpue,did:plc:uac6er53o2pvr5y2qmvaf7hw,abusive,,did:plc:oqbijttmayqui2xv3e2xwcdz,2024-11-28T15:31:01.882Z
98d2acba98094e80b7bacd6ce8bf2e09,2026-02-27T17:00:00Z,2026-02-27T17:17:10Z,auth,auth_enUS_labelerexp,at://did:plc:oqbijttmayqui2xv3e2xwcdz/app.bsky.feed.post/3mfu5p6e5ps2w,bafyreifs4ekxaocgcr73e6mizbq4uauj66w6cn4j2kzscdwhxg7y3plpue,did:plc:uac6er53o2pvr5y2qmvaf7hw,disruptive,,did:plc:oqbijttmayqui2xv3e2xwcdz,2024-11-28T15:31:01.882Z
98d2acba98094e80b7bacd6ce8bf2e09,2026-02-27T17:00:00Z,2026-02-27T17:17:10Z,auth,auth_enUS_labelerexp,at://did:plc:oqbijttmayqui2xv3e2xwcdz/app.bsky.feed.post/3mfu5p6e5ps2w,bafyreifs4ekxaocgcr73e6mizbq4uauj66w6cn4j2kzscdwhxg7y3plpue,did:plc:uac6er53o2pvr5y2qmvaf7hw,violent,,did:plc:oqbijttmayqui2xv3e2xwcdz,2024-11-28T15:31:01.882Z
98d2acba98094e80b7bacd6ce8bf2e09,2026-02-27T17:00:00Z,2026-02-27T17:17:10Z,auth,auth_enUS_labelerexp,at://did:plc:x4rkbrazjqyyun5ysut2wq43/app.bsky.feed.post/3mfu4jtwe2s2y,bafyreic3gadnjncto2ysplmrv6jbd7k5xfvoa3ncs2oh6dui6e26k4nt44,did:plc:x4rkbrazjqyyun5ysut2wq43,!no-unauthenticated,,at://did:plc:x4rkbrazjqyyun5ysut2wq43/app.bsky.actor.profile/self,1970-01-01T00:00:00.000Z
98d2acba98094e80b7bacd6ce8bf2e09,2026-02-27T17:00:00Z,2026-02-27T17:17:10Z,auth,auth_enUS_labelerexp,at://did:plc:escyumhy3rk6cnkuczfed7xm/app.bsky.feed.post/3mfu4jg2yks2r,bafyreih242ft5kny4ouuq7i6yy4b4qin3qaenwvqu65qotd7hxylfl2db4,did:plc:escyumhy3rk6cnkuczfed7xm,!no-unauthenticated,,at://did:plc:escyumhy3rk6cnkuczfed7xm/app.bsky.actor.profile/self,1970-01-01T00:00:00.000Z
98d2acba98094e80b7bacd6ce8bf2e09,2026-02-27T17:00:00Z,2026-02-27T17:17:10Z,auth,auth_enUS_labelerexp,at://did:plc:ux34natbhxube3xgdu3rhf45/app.bsky.feed.post/3mfu4ht42522c,bafyreibc3kuo3bie5pmjeycitqv4ykm5wugcqd2y4evr3mbd33rest75n4,did:plc:ux34natbhxube3xgdu3rhf45,!no-unauthenticated,,at://did:plc:ux34natbhxube3xgdu3rhf45/app.bsky.actor.profile/self,1970-01-01T00:00:00.000Z
98d2acba98094e80b7bacd6ce8bf2e09,2026-02-27T17:00:00Z,2026-02-27T17:17:10Z,auth,auth_enUS_labelerexp,at://did:plc:64mdicpo7sq4k5bx2z3m2jo6/app.bsky.feed.post/3mfu4dmkvic2r,bafyreidlcjlakosrbxo7x3rdx76g3zxoj5p22356b6un4vmsmx2tfnbhty,did:plc:64mdicpo7sq4k5bx2z3m2jo6,!no-unauthenticated,,at://did:plc:64mdicpo7sq4k5bx2z3m2jo6/app.bsky.actor.profile/self,1970-01-01T00:00:00.000Z
98d2acba98094e80b7bacd6ce8bf2e09,2026-02-27T17:00:00Z,2026-02-27T17:17:10Z,auth,auth_enUS_labelerexp,at://did:plc:2vo6sg3cbwg5yh6lsyqjp47g/app.bsky.feed.post/3mfu4cftnac2j,bafyreicj5rqftgkqz3f7ca6kgkbpkjlkug3zyagtroonemcj6po5jtjyiq,did:plc:2vo6sg3cbwg5yh6lsyqjp47g,!no-unauthenticated,,at://did:plc:2vo6sg3cbwg5yh6lsyqjp47g/app.bsky.actor.profile/self,1970-01-01T00:00:00.000Z
98d2acba98094e80b7bacd6ce8bf2e09,2026-02-27T17:00:00Z,2026-02-27T17:17:10Z,auth,auth_enUS_labelerexp,at://did:plc:2vo6sg3cbwg5yh6lsyqjp47g/app.bsky.feed.post/3mfu4brsue22j,bafyreiampb3dhpicrh5kocjnjjtziwyrw6lqnky2j7zpxodhzvmubqc7ai,did:plc:2vo6sg3cbwg5yh6lsyqjp47g,!no-unauthenticated,,at://did:plc:2vo6sg3cbwg5yh6lsyqjp47g/app.bsky.actor.profile/self,1970-01-01T00:00:00.000Z
98d2acba98094e80b7bacd6ce8bf2e09,2026-02-27T17:00:00Z,2026-02-27T17:17:10Z,auth,auth_enUS_labelerexp,at://did:plc:2vo6sg3cbwg5yh6lsyqjp47g/app.bsky.feed.post/3mfu4b6cxj22j,bafyreidelm54rszaxcj7ytmbzx5xw47a53xoxkhbrr7up22mt3kz3tv36q,did:plc:2vo6sg3cbwg5yh6lsyqjp47g,!no-unauthenticated,,at://did:plc:2vo6sg3cbwg5yh6lsyqjp47g/app.bsky.actor.profile/self,1970-01-01T00:00:00.000Z
98d2acba98094e80b7bacd6ce8bf2e09,2026-02-27T17:00:00Z,2026-02-27T17:17:10Z,auth,auth_enUS_labelerexp,at://did:plc:2vo6sg3cbwg5yh6lsyqjp47g/app.bsky.feed.post/3mfu4ajlba22j,bafyreihog7kccq73mwvjgas2sw25unbiz7pflha36ewu46dc444s3hc2pi,did:plc:2vo6sg3cbwg5yh6lsyqjp47g,!no-unauthenticated,,at://did:plc:2vo6sg3cbwg5yh6lsyqjp47g/app.bsky.actor.profile/self,1970-01-01T00:00:00.000Z
98d2acba98094e80b7bacd6ce8bf2e09,2026-02-27T17:00:00Z,2026-02-27T17:17:10Z,auth,auth_enUS_labelerexp,at://did:plc:ejgqchxkaixeq3gxarvlrfwo/app.bsky.feed.post/3mfu4a5ihcc2d,bafyreigblxh52tzhgndqrsu4542lwkxtrqwexgoztohclxqms73piqpctq,did:plc:ejgqchxkaixeq3gxarvlrfwo,!no-unauthenticated,,at://did:plc:ejgqchxkaixeq3gxarvlrfwo/app.bsky.actor.profile/self,1970-01-01T00:00:00.000Z
98d2acba98094e80b7bacd6ce8bf2e09,2026-02-27T17:00:00Z,2026-02-27T17:17:10Z,auth,auth_enUS_labelerexp,at://did:plc:2vo6sg3cbwg5yh6lsyqjp47g/app.bsky.feed.post/3mfu46zrbbc2j,bafyreige2jjitqpaxhmhn5c3wtjjiunlzr3rhcqe25l27l6oeyppgskkx4,did:plc:2vo6sg3cbwg5yh6lsyqjp47g,!no-unauthenticated,,at://did:plc:2vo6sg3cbwg5yh6lsyqjp47g/app.bsky.actor.profile/self,1970-01-01T00:00:00.000Z
98d2acba98094e80b7bacd6ce8bf2e09,2026-02-27T17:00:00Z,2026-02-27T17:17:10Z,auth,auth_enUS_labelerexp,at://did:plc:olax7svm5mlw4tdtqapffsnz/app.bsky.feed.post/3mfu45tsecs2e,bafyreigyjklusgp5joxsy4bkmm3s73zp27htkkygwqfgwwcyeipvxlut74,did:plc:olax7svm5mlw4tdtqapffsnz,!no-unauthenticated,,at://did:plc:olax7svm5mlw4tdtqapffsnz/app.bsky.actor.profile/self,1970-01-01T00:00:00.000Z
98d2acba98094e80b7bacd6ce8bf2e09,2026-02-27T17:00:00Z,2026-02-27T17:17:10Z,auth,auth_enUS_labelerexp,at://did:plc:kozyhctg3gwrygp5zgtan5ju/app.bsky.feed.post/3mfu43nxtgk2v,bafyreiflgwwliu5ioer7x3idx5nfwz4jf6bga7376phksmlaze7kscovfa,did:plc:uac6er53o2pvr5y2qmvaf7hw,abusive,,did:plc:kozyhctg3gwrygp5zgtan5ju,2025-10-21T20:01:00.806Z
98d2acba98094e80b7bacd6ce8bf2e09,2026-02-27T17:00:00Z,2026-02-27T17:17:10Z,auth,auth_enUS_labelerexp,at://did:plc:kozyhctg3gwrygp5zgtan5ju/app.bsky.feed.post/3mfu43nxtgk2v,bafyreiflgwwliu5ioer7x3idx5nfwz4jf6bga7376phksmlaze7kscovfa,did:plc:uac6er53o2pvr5y2qmvaf7hw,disinfo,,did:plc:kozyhctg3gwrygp5zgtan5ju,2025-10-21T20:01:00.806Z
98d2acba98094e80b7bacd6ce8bf2e09,2026-02-27T17:00:00Z,2026-02-27T17:17:10Z,auth,auth_enUS_labelerexp,at://did:plc:kozyhctg3gwrygp5zgtan5ju/app.bsky.feed.post/3mfu43nxtgk2v,bafyreiflgwwliu5ioer7x3idx5nfwz4jf6bga7376phksmlaze7kscovfa,did:plc:cnn3jrtucivembf66xe6fdfs,anti,,did:plc:kozyhctg3gwrygp5zgtan5ju,2024-05-03T16:55:50.296Z
98d2acba98094e80b7bacd6ce8bf2e09,2026-02-27T17:00:00Z,2026-02-27T17:17:10Z,auth,auth_enUS_labelerexp,at://did:plc:xccx7ujmsaolft6ukd2oakkx/app.bsky.feed.post/3mfu3neoewc27,bafyreiacuhsp63oh5adrp6by5qniojlakgt3sae3eidqttbyc7tjdinvqm,did:plc:xccx7ujmsaolft6ukd2oakkx,!no-unauthenticated,,at://did:plc:xccx7ujmsaolft6ukd2oakkx/app.bsky.actor.profile/self,1970-01-01T00:00:00.000Z
98d2acba98094e80b7bacd6ce8bf2e09,2026-02-27T17:00:00Z,2026-02-27T17:17:10Z,auth,auth_enUS_labelerexp,at://did:plc:2vo6sg3cbwg5yh6lsyqjp47g/app.bsky.feed.post/3mfu35pyuh22j,bafyreibmjftcj52gr6tkz7qv7ouco5nfcybioxlmixzvf2hwahzfvudcve,did:plc:2vo6sg3cbwg5yh6lsyqjp47g,!no-unauthenticated,,at://did:plc:2vo6sg3cbwg5yh6lsyqjp47g/app.bsky.actor.profile/self,1970-01-01T00:00:00.000Z
98d2acba98094e80b7bacd6ce8bf2e09,2026-02-27T17:00:00Z,2026-02-27T17:17:10Z,auth,auth_enUS_labelerexp,at://did:plc:2vo6sg3cbwg5yh6lsyqjp47g/app.bsky.feed.post/3mfu35463x22j,bafyreiehvs773o4us5j354qtbrihx2byntvj7fikbdtabuqstwpfice5xy,did:plc:2vo6sg3cbwg5yh6lsyqjp47g,!no-unauthenticated,,at://did:plc:2vo6sg3cbwg5yh6lsyqjp47g/app.bsky.actor.profile/self,1970-01-01T00:00:00.000Z
98d2acba98094e80b7bacd6ce8bf2e09,2026-02-27T17:00:00Z,2026-02-27T17:17:10Z,auth,auth_enUS_labelerexp,at://did:plc:2vo6sg3cbwg5yh6lsyqjp47g/app.bsky.feed.post/3mfu2wffqvs2j,bafyreifjpdnwn4v6fe4suyzq27jpjclytk63i5tbdlfeqwajnlgtq4kvhu,did:plc:2vo6sg3cbwg5yh6lsyqjp47g,!no-unauthenticated,,at://did:plc:2vo6sg3cbwg5yh6lsyqjp47g/app.bsky.actor.profile/self,1970-01-01T00:00:00.000Z
98d2acba98094e80b7bacd6ce8bf2e09,2026-02-27T17:00:00Z,2026-02-27T17:17:12Z,auth,auth_enUS_labelerexp,at://did:plc:qw3fhcgji3rtbd5qi72gidwi/app.bsky.feed.post/3mfu5hvchac2j,bafyreiczduhlgigtezlzw2yk2mluk3lvoq2xgat2cscqq7vyrhtj67euii,did:plc:ar7c4by46qjdydhdevvrndac,needs-review,,did:plc:qw3fhcgji3rtbd5qi72gidwi,2026-02-23T01:07:52.141Z
98d2acba98094e80b7bacd6ce8bf2e09,2026-02-27T17:00:00Z,2026-02-27T17:17:12Z,auth,auth_enUS_labelerexp,at://did:plc:katjlkja2qvvgoac3kgvndjl/app.bsky.feed.post/3mfu5akgelk2e,bafyreigsmksfuua7u363sw7inn4pjgmsppukmvde44kztlbkbwdsovnuga,did:plc:katjlkja2qvvgoac3kgvndjl,!no-unauthenticated,,at://did:plc:katjlkja2qvvgoac3kgvndjl/app.bsky.actor.profile/self,2024-11-22T06:39:16.404Z
98d2acba98094e80b7bacd6ce8bf2e09,2026-02-27T17:00:00Z,2026-02-27T17:17:12Z,auth,auth_enUS_labelerexp,at://did:plc:eda5rmt2rngdbpe63rad4ahg/app.bsky.feed.post/3mfu54rlie223,bafyreifcgnrlbx4kujnlrxnee5ppqihimkxvys6y3cvehn4pjueyc5d54i,did:plc:eda5rmt2rngdbpe63rad4ahg,!no-unauthenticated,,at://did:plc:eda5rmt2rngdbpe63rad4ahg/app.bsky.actor.profile/self,2024-10-26T12:31:41.224Z
98d2acba98094e80b7bacd6ce8bf2e09,2026-02-27T17:00:00Z,2026-02-27T17:17:12Z,auth,auth_enUS_labelerexp,at://did:plc:wyd4jtlfijybhu52f3lsj5jo/app.bsky.feed.post/3mfu4yfj7qc2j,bafyreib7kktcoadtwslczkyesejqercivvpeymcybkzeysnedcrfadk27i,did:plc:wyd4jtlfijybhu52f3lsj5jo,!no-unauthenticated,,at://did:plc:wyd4jtlfijybhu52f3lsj5jo/app.bsky.actor.profile/self,1970-01-01T00:00:00.000Z
98d2acba98094e80b7bacd6ce8bf2e09,2026-02-27T17:00:00Z,2026-02-27T17:17:12Z,auth,auth_enUS_labelerexp,at://did:plc:2i5aqkw22nenebkhwkotzbyx/app.bsky.feed.post/3mfu4y7tzv22j,bafyreihmwnju4dh6i4r3jnm7d7qifhgqjwu6merudbi7hckvc4lsss6flq,did:plc:2i5aqkw22nenebkhwkotzbyx,!no-unauthenticated,,at://did:plc:2i5aqkw22nenebkhwkotzbyx/app.bsky.actor.profile/self,2024-11-15T19:02:14.907Z
