run_id,snapshot_hour_utc,captured_at_utc,viewer_mode,vantage_id,post_uri,post_cid,label_src,label_val,label_neg,label_uri,label_cts
965ae8e86a4a437f98b2037e007f99de,2026-02-26T16:00:00Z,2026-02-26T16:15:36Z,auth,auth_enUS_labelerexp,at://did:plc:yjnanyxp7ba2g6uhbzr64x6j/app.bsky.feed.post/3mfrkfwav4k26,bafyreiffienqyjj4hyxtegf52zi6hdonoby6tb2o4lubqbfpftqcxl6q7u,did:plc:yjnanyxp7ba2g6uhbzr64x6j,!no-unauthenticated,,at://did:plc:yjnanyxp7ba2g6uhbzr64x6j/app.bsky.actor.profile/self,1970-01-01T00:00:00.000Z
965ae8e86a4a437f98b2037e007f99de,2026-02-26T16:00:00Z,2026-02-26T16:15:36Z,auth,auth_enUS_labelerexp,at://did:plc:btpuy5glqibp4mfi5xfkz2nz/app.bsky.feed.post/3mfrguahmgf2f,bafyreihxn3afckajbwkmph52jpjet74kjxwybyhht4v4aznujcx5zubclu,did:plc:ar7c4by46qjdydhdevvrndac,needs-review,,did:plc:btpuy5glqibp4mfi5xfkz2nz,2026-02-19T23:57:21.989Z
965ae8e86a4a437f98b2037e007f99de,2026-02-26T16:00:00Z,2026-02-26T16:15:36Z,auth,auth_enUS_labelerexp,at://did:plc:ufxbr6wyteib5wn3eanojfw6/app.bsky.feed.post/3mfrcfft4is27,bafyreial3igidhlbhcy4wetynlhs2ouiv2gy62hzhzmmcf5frkbwo676au,did:plc:ufxbr6wyteib5wn3eanojfw6,!no-unauthenticated,,at://did:plc:ufxbr6wyteib5wn3eanojfw6/app.bsky.actor.profile/self,1970-01-01T00:00:00.000Z
965ae8e86a4a437f98b2037e007f99de,2026-02-26T16:00:00Z,2026-02-26T16:15:36Z,auth,auth_enUS_labelerexp,at://did:plc:5spd6yu4qbhl3uwkqjtmhhmx/app.bsky.feed.post/3mfr7fvhct22c,bafyreifaeyglctxresedmczj5h5gfudpwj43nednc65unf5ncd3o4hrhai,did:plc:5spd6yu4qbhl3uwkqjtmhhmx,!no-unauthenticated,,at://did:plc:5spd6yu4qbhl3uwkqjtmhhmx/app.bsky.actor.profile/self,1970-01-01T00:00:00.000Z
965ae8e86a4a437f98b2037e007f99de,2026-02-26T16:00:00Z,2026-02-26T16:15:37Z,auth,auth_enUS_labelerexp,at://did:plc:qxokml77kmpzcqi7mob4t4zz/app.bsky.feed.post/3mfrgt5jeb22i,bafyreidgfpoyqeyp5yojdzcrnvrrjnuvsznw4bqaxnts4q6nex55qcy7m4,did:plc:uac6er53o2pvr5y2qmvaf7hw,tiktok-link,,at://did:plc:qxokml77kmpzcqi7mob4t4zz/app.bsky.feed.post/3mfrgt5jeb22i,2026-02-26T14:47:15.595Z
965ae8e86a4a437f98b2037e007f99de,2026-02-26T16:00:00Z,2026-02-26T16:15:37Z,auth,auth_enUS_labelerexp,at://did:plc:kpswpbo6ilfjfwagqsjhpser/app.bsky.feed.post/3mfrjd4v76k23,bafyreie4akb6hezhudlkwb4tokg4iaoxoti43ckrdpymnfxu7ggmpbm6hi,did:plc:kpswpbo6ilfjfwagqsjhpser,!no-unauthenticated,,at://did:plc:kpswpbo6ilfjfwagqsjhpser/app.bsky.actor.profile/self,1970-01-01T00:00:00.000Z
965ae8e86a4a437f98b2037e007f99de,2026-02-26T16:00:00Z,2026-02-26T16:15:37Z,auth,auth_enUS_labelerexp,at://did:plc:dmb2az4b5xic3t2yngymqddq/app.bsky.feed.post/3mfrcbn6cm22l,bafyreicqabhagayynz6z2uj4cd37i7bkpd53vk2ijxqbjtzhfc5oad6pyq,did:plc:dmb2az4b5xic3t2yngymqddq,!no-unauthenticated,,at://did:plc:dmb2az4b5xic3t2yngymqddq/app.bsky.actor.profile/self,1970-01-01T00:00:00.000Z
965ae8e86a4a437f98b2037e007f99de,2026-02-26T16:00:00Z,2026-02-26T16:15:37Z,auth,auth_enUS_labelerexp,at://did:plc:x5l4kbf5viqpewfma77pmmex/app.bsky.feed.post/3mfr6q3goec2i,bafyreibmjlgmiksbhfbac7g36mhdlezkkfgsqwanfqj3ibca3eg3dwajei,did:plc:x5l4kbf5viqpewfma77pmmex,!no-unauthenticated,,at://did:plc:x5l4kbf5viqpewfma77pmmex/app.bsky.actor.profile/self,2025-05-10T13:23:35.654Z
965ae8e86a4a437f98b2037e007f99de,2026-02-26T16:00:00Z,2026-02-26T16:15:37Z,auth,auth_enUS_labelerexp,at://did:plc:7gyt7nd3kkuakmanckayk2px/app.bsky.feed.post/3mfr3mljxss2o,bafyreiff5pz4httsuyx4afdv3xfskw6rfwti6tzrv744a243rwmborjb6i,did:plc:7gyt7nd3kkuakmanckayk2px,!no-unauthenticated,,at://did:plc:7gyt7nd3kkuakmanckayk2px/app.bsky.actor.profile/self,1970-01-01T00:00:00.000Z
965ae8e86a4a437f98b2037e007f99de,2026-02-26T16:00:00Z,2026-02-26T16:15:37Z,auth,auth_enUS_labelerexp,at://did:plc:7gyt7nd3kkuakmanckayk2px/app.bsky.feed.post/3mfqszae3hs2a,bafyreib37dwvap7xwn464qdmw5hlrwdgwrspqfdznqf3ah43bvjfxg7bue,did:plc:7gyt7nd3kkuakmanckayk2px,!no-unauthenticated,,at://did:plc:7gyt7nd3kkuakmanckayk2px/app.bsky.actor.profile/self,1970-01-01T00:00:00.000Z
965ae8e86a4a437f98b2037e007f99de,2026-02-26T16:00:00Z,2026-02-26T16:15:37Z,auth,auth_enUS_labelerexp,at://did:plc:r6qufngxstwyo6hirgajpmxg/app.bsky.feed.post/3mfps3sg2vs25,bafyreigynfrcj2vstxcjkj5ca4tsgdviz7mwyorjvgenvs6ctxguz6dfqa,did:plc:r6qufngxstwyo6hirgajpmxg,!no-unauthenticated,,at://did:plc:r6qufngxstwyo6hirgajpmxg/app.bsky.actor.profile/self,1970-01-01T00:00:00.000Z
965ae8e86a4a437f98b2037e007f99de,2026-02-26T16:00:00Z,2026-02-26T16:15:37Z,auth,auth_enUS_labelerexp,at://did:plc:7bwrvi7dr4ynffbkpvuvwjpb/app.bsky.feed.post/3mfprkk5x3s2d,bafyreidarjfw7xbto7k4msdcdochsx4fkhvqesnl36frnqoki55bkw3weu,did:plc:uac6er53o2pvr5y2qmvaf7hw,suspect-citation,,at://did:plc:7bwrvi7dr4ynffbkpvuvwjpb/app.bsky.feed.post/3mfprkk5x3s2d,2026-02-25T22:54:01.428Z
965ae8e86a4a437f98b2037e007f99de,2026-02-26T16:00:00Z,2026-02-26T16:15:37Z,auth,auth_enUS_labelerexp,at://did:plc:7bwrvi7dr4ynffbkpvuvwjpb/app.bsky.feed.post/3mfpriuxbqk2d,bafyreigdckphdmdnhzaj2ihinsxwdja36y3cwipfwlabo2dlqmjt5easba,did:plc:uac6er53o2pvr5y2qmvaf7hw,suspect-citation,,at://did:plc:7bwrvi7dr4ynffbkpvuvwjpb/app.bsky.feed.post/3mfpriuxbqk2d,2026-02-25T22:53:20.317Z
965ae8e86a4a437f98b2037e007f99de,2026-02-26T16:00:00Z,2026-02-26T16:15:37Z,auth,auth_enUS_labelerexp,at://did:plc:n5a6745h7wazqfudmcos2bxe/app.bsky.feed.post/3mfpf35e5722t,bafyreiawcoge4w5rvenjp6qruf5dbyxpxpgv2cuw36tlsyyqk4i34svydy,did:plc:n5a6745h7wazqfudmcos2bxe,!no-unauthenticated,,at://did:plc:n5a6745h7wazqfudmcos2bxe/app.bsky.actor.profile/self,1970-01-01T00:00:00.000Z
965ae8e86a4a437f98b2037e007f99de,2026-02-26T16:00:00Z,2026-02-26T16:15:37Z,auth,auth_enUS_labelerexp,at://did:plc:36dkcylaayc3nscyn2byifal/app.bsky.feed.post/3mfp2q7xvu22x,bafyreihgapy34bqxswhvn3ocbp5x7hmx7b5pm2nf56tonbudywkqskpb7y,did:plc:36dkcylaayc3nscyn2byifal,!no-unauthenticated,,at://did:plc:36dkcylaayc3nscyn2byifal/app.bsky.actor.profile/self,1970-01-01T00:00:00.000Z
965ae8e86a4a437f98b2037e007f99de,2026-02-26T16:00:00Z,2026-02-26T16:15:37Z,auth,auth_enUS_labelerexp,at://did:plc:3su2agky7a67ufheiundm5oi/app.bsky.feed.post/3mforlkkzy22q,bafyreiexpd3qjlkveqhungg277birwezwhiutbxqjerzlj4g5ogx4pk574,did:plc:3su2agky7a67ufheiundm5oi,!no-unauthenticated,,at://did:plc:3su2agky7a67ufheiundm5oi/app.bsky.actor.profile/self,1970-01-01T00:00:00.000Z
965ae8e86a4a437f98b2037e007f99de,2026-02-26T16:00:00Z,2026-02-26T16:15:37Z,auth,auth_enUS_labelerexp,at://did:plc:2tgq3yneur5lzrd4vqnolxyp/app.bsky.feed.post/3mfolqvxqo22l,bafyreie43fvv3tr5ea54a7obwovskdud53dgrcuamoj7q75b54bkokup4q,did:plc:uac6er53o2pvr5y2qmvaf7hw,suspect-citation,,at://did:plc:2tgq3yneur5lzrd4vqnolxyp/app.bsky.feed.post/3mfolqvxqo22l,2026-02-25T11:37:32.221Z
965ae8e86a4a437f98b2037e007f99de,2026-02-26T16:00:00Z,2026-02-26T16:15:37Z,auth,auth_enUS_labelerexp,at://did:plc:n7jfa2oo6fl7oeeibduhc23l/app.bsky.feed.post/3mfoh6wevn226,bafyreiettgg6dpmpa6xqtkab2joa2yq7bqbs6swsyh5ukuygjw43sjm64e,did:plc:n7jfa2oo6fl7oeeibduhc23l,!no-unauthenticated,,at://did:plc:n7jfa2oo6fl7oeeibduhc23l/app.bsky.actor.profile/self,1970-01-01T00:00:00.000Z
965ae8e86a4a437f98b2037e007f99de,2026-02-26T16:00:00Z,2026-02-26T16:15:40Z,auth,auth_enUS_labelerexp,at://did:plc:oz2tkm7k2ni5vh6dy4p3u33u/app.bsky.feed.post/3mfqnn7t5rk2z,bafyreih63ofhiwf243fxoaa4xoh2mukynm6o6uxa5ogrdcolblwicmkm3u,did:plc:oz2tkm7k2ni5vh6dy4p3u33u,!no-unauthenticated,,at://did:plc:oz2tkm7k2ni5vh6dy4p3u33u/app.bsky.actor.profile/self,1970-01-01T00:00:00.000Z
965ae8e86a4a437f98b2037e007f99de,2026-02-26T16:00:00Z,2026-02-26T16:15:40Z,auth,auth_enUS_labelerexp,at://did:plc:oz2tkm7k2ni5vh6dy4p3u33u/app.bsky.feed.post/3mfq3fa2r7s2g,bafyreie4b5wvdho2mngh7c2fqg5n5qgjgg2ootabajlu6jigxy5sc4bqs4,did:plc:oz2tkm7k2ni5vh6dy4p3u33u,!no-unauthenticated,,at://did:plc:oz2tkm7k2ni5vh6dy4p3u33u/app.bsky.actor.profile/self,1970-01-01T00:00:00.000Z
965ae8e86a4a437f98b2037e007f99de,2026-02-26T16:00:00Z,2026-02-26T16:15:40Z,auth,auth_enUS_labelerexp,at://did:plc:ru5zioxqfv6fctxyl45qqcj7/app.bsky.feed.post/3mfpfb5xpeqsh,bafyreidxbgtr6fou62qtqigfjiyez7sjjn2l7zbpl2ghcfa5pzc3pkskga,did:plc:uac6er53o2pvr5y2qmvaf7hw,meta-link,,at://did:plc:ru5zioxqfv6fctxyl45qqcj7/app.bsky.feed.post/3mfpfb5xpeqsh,2026-02-25T19:14:06.953Z
965ae8e86a4a437f98b2037e007f99de,2026-02-26T16:00:00Z,2026-02-26T16:15:40Z,auth,auth_enUS_labelerexp,at://did:plc:ru5zioxqfv6fctxyl45qqcj7/app.bsky.feed.post/3mfpfb5xpeqsh,bafyreidxbgtr6fou62qtqigfjiyez7sjjn2l7zbpl2ghcfa5pzc3pkskga,did:plc:ru5zioxqfv6fctxyl45qqcj7,!no-unauthenticated,,at://did:plc:ru5zioxqfv6fctxyl45qqcj7/app.bsky.actor.profile/self,1970-01-01T00:00:00.000Z
965ae8e86a4a437f98b2037e007f99de,2026-02-26T16:00:00Z,2026-02-26T16:15:40Z,auth,auth_enUS_labelerexp,at://did:plc:oz2tkm7k2ni5vh6dy4p3u33u/app.bsky.feed.post/3mfox5lb4522l,bafyreibcfufdtfdpzepxawr5o52eqfsb7vm64tli2zmaswkke4inmodada,did:plc:oz2tkm7k2ni5vh6dy4p3u33u,!no-unauthenticated,,at://did:plc:oz2tkm7k2ni5vh6dy4p3u33u/app.bsky.actor.profile/self,1970-01-01T00:00:00.000Z
965ae8e86a4a437f98b2037e007f99de,2026-02-26T16:00:00Z,2026-02-26T16:15:40Z,auth,auth_enUS_labelerexp,at://did:plc:oz2tkm7k2ni5vh6dy4p3u33u/app.bsky.feed.post/3mfndpvwh2k2r,bafyreihndsncy4t6h4ehaqbpzkb4l7i335uvt4cnbtsequz6nlv66qv5vq,did:plc:oz2tkm7k2ni5vh6dy4p3u33u,!no-unauthenticated,,at://did:plc:oz2tkm7k2ni5vh6dy4p3u33u/app.bsky.actor.profile/self,1970-01-01T00:00:00.000Z
965ae8e86a4a437f98b2037e007f99de,2026-02-26T16:00:00Z,2026-02-26T16:15:43Z,auth,auth_enUS_labelerexp,at://did:plc:gft4omwk2w4fzpazuav6ck7j/app.bsky.feed.post/3mfrkkcfd322d,bafyreihf3xkkdfqlsa4cguhuokcz4xx2yct7qzxqe3qx3iuivck4aki7oi,did:plc:gft4omwk2w4fzpazuav6ck7j,!no-unauthenticated,,at://did:plc:gft4omwk2w4fzpazuav6ck7j/app.bsky.actor.profile/self,1970-01-01T00:00:00.000Z
965ae8e86a4a437f98b2037e007f99de,2026-02-26T16:00:00Z,2026-02-26T16:15:43Z,auth,auth_enUS_labelerexp,at://did:plc:gcnrnyiufrle5ib3fomv3o35/app.bsky.feed.post/3mfrfuhxzev2f,bafyreig6igzcfydpfwak2sbxcvgluvazhnfxesa3nbkajgdauc2mmbtt24,did:plc:l624mewisyr6hymexmrjkprc,writer,,did:plc:gcnrnyiufrle5ib3fomv3o35,2024-11-23T00:08:01.217Z
965ae8e86a4a437f98b2037e007f99de,2026-02-26T16:00:00Z,2026-02-26T16:15:43Z,auth,auth_enUS_labelerexp,at://did:plc:gcnrnyiufrle5ib3fomv3o35/app.bsky.feed.post/3mfrfuhxzev2f,bafyreig6igzcfydpfwak2sbxcvgluvazhnfxesa3nbkajgdauc2mmbtt24,did:plc:gcnrnyiufrle5ib3fomv3o35,!no-unauthenticated,,at://did:plc:gcnrnyiufrle5ib3fomv3o35/app.bsky.actor.profile/self,2024-02-15T16:48:27.808Z
965ae8e86a4a437f98b2037e007f99de,2026-02-26T16:00:00Z,2026-02-26T16:15:43Z,auth,auth_enUS_labelerexp,at://did:plc:eyy3domd7hfuxsz4fpiieucf/app.bsky.feed.post/3mfreos6t2s2f,bafyreigoxwh53wp3w7femirzbb42nnfmkz4dg2cttfr5ahwpcs4skhrdem,did:plc:eyy3domd7hfuxsz4fpiieucf,!no-unauthenticated,,at://did:plc:eyy3domd7hfuxsz4fpiieucf/app.bsky.actor.profile/self,1970-01-01T00:00:00.000Z
965ae8e86a4a437f98b2037e007f99de,2026-02-26T16:00:00Z,2026-02-26T16:15:43Z,auth,auth_enUS_labelerexp,at://did:plc:gcnrnyiufrle5ib3fomv3o35/app.bsky.feed.post/3mfre364zqr26,bafyreih26ypjpgrb6nd2kpsuj77s4e4dz5eydtvddxfr2dj766faae7ecm,did:plc:l624mewisyr6hymexmrjkprc,writer,,did:plc:gcnrnyiufrle5ib3fomv3o35,2024-11-23T00:08:01.217Z
965ae8e86a4a437f98b2037e007f99de,2026-02-26T16:00:00Z,2026-02-26T16:15:43Z,auth,auth_enUS_labelerexp,at://did:plc:gcnrnyiufrle5ib3fomv3o35/app.bsky.feed.post/3mfre364zqr26,bafyreih26ypjpgrb6nd2kpsuj77s4e4dz5eydtvddxfr2dj766faae7ecm,did:plc:gcnrnyiufrle5ib3fomv3o35,!no-unauthenticated,,at://did:plc:gcnrnyiufrle5ib3fomv3o35/app.bsky.actor.profile/self,2024-02-15T16:48:27.808Z
965ae8e86a4a437f98b2037e007f99de,2026-02-26T16:00:00Z,2026-02-26T16:15:43Z,auth,auth_enUS_labelerexp,at://did:plc:7oslqf554gyvd5523tkdzy3c/app.bsky.feed.post/3mfqr43bios2w,bafyreifx4x6si2l7e4ehzxmbluqr5k2wmkgxsk6asvsx3obmxswyhwlroq,did:plc:7oslqf554gyvd5523tkdzy3c,!no-unauthenticated,,at://did:plc:7oslqf554gyvd5523tkdzy3c/app.bsky.actor.profile/self,1970-01-01T00:00:00.000Z
965ae8e86a4a437f98b2037e007f99de,2026-02-26T16:00:00Z,2026-02-26T16:15:43Z,auth,auth_enUS_labelerexp,at://did:plc:y5zrpzm7st75zfhtua2hu7bt/app.bsky.feed.post/3mfqiusmmws2h,bafyreid3akugvzmytgudeyikt2updhr2x2nw3c42xrnrxc6zn6yomgcc7i,did:plc:y5zrpzm7st75zfhtua2hu7bt,!no-unauthenticated,,at://did:plc:y5zrpzm7st75zfhtua2hu7bt/app.bsky.actor.profile/self,1970-01-01T00:00:00.000Z
965ae8e86a4a437f98b2037e007f99de,2026-02-26T16:00:00Z,2026-02-26T16:15:43Z,auth,auth_enUS_labelerexp,at://did:plc:7mmzru6buw3ab2qsnkf543eb/app.bsky.feed.post/3mfqghxbfws2n,bafyreiecdzanrousmorwkriitnda7deuywog4qkld37lswovwdxqxc4e5e,did:plc:7mmzru6buw3ab2qsnkf543eb,!no-unauthenticated,,at://did:plc:7mmzru6buw3ab2qsnkf543eb/app.bsky.actor.profile/self,2024-11-20T03:08:17.333Z
965ae8e86a4a437f98b2037e007f99de,2026-02-26T16:00:00Z,2026-02-26T16:15:43Z,auth,auth_enUS_labelerexp,at://did:plc:7mmzru6buw3ab2qsnkf543eb/app.bsky.feed.post/3mfqgdlrk6s2n,bafyreigfpef57jjbz3tn3gzwljcvwtmvjzuzlxpkcszpt654yrner4pjhi,did:plc:7mmzru6buw3ab2qsnkf543eb,!no-unauthenticated,,at://did:plc:7mmzru6buw3ab2qsnkf543eb/app.bsky.actor.profile/self,2024-11-20T03:08:17.333Z
965ae8e86a4a437f98b2037e007f99de,2026-02-26T16:00:00Z,2026-02-26T16:15:43Z,auth,auth_enUS_labelerexp,at://did:plc:7mmzru6buw3ab2qsnkf543eb/app.bsky.feed.post/3mfqf66qx4k2o,bafyreifndqic6sapxqldfmjxkvean6lrrq3p4s332mlvxzqow77jscvbvq,did:plc:7mmzru6buw3ab2qsnkf543eb,!no-unauthenticated,,at://did:plc:7mmzru6buw3ab2qsnkf543eb/app.bsky.actor.profile/self,2024-11-20T03:08:17.333Z
965ae8e86a4a437f98b2037e007f99de,2026-02-26T16:00:00Z,2026-02-26T16:15:43Z,auth,auth_enUS_labelerexp,at://did:plc:pqw6v7q44k2ngntdvamu3tau/app.bsky.feed.post/3mfq35kj5uc2n,bafyreian2oeoufn5bhhah54jvw7wku74rta4gjfc6ypluvs7u5pn75xls4,did:plc:pqw6v7q44k2ngntdvamu3tau,!no-unauthenticated,,at://did:plc:pqw6v7q44k2ngntdvamu3tau/app.bsky.actor.profile/self,1970-01-01T00:00:00.000Z
965ae8e86a4a437f98b2037e007f99de,2026-02-26T16:00:00Z,2026-02-26T16:15:43Z,auth,auth_enUS_labelerexp,at://did:plc:zwjypvn6f75som3ttm6psv47/app.bsky.feed.post/3mfpmlqpmqs2n,bafyreia6z4vmr6mxdbvo6et5helrqus242ykebsepvyduwtuhtqizavxs4,did:plc:uac6er53o2pvr5y2qmvaf7hw,meta-link,,at://did:plc:zwjypvn6f75som3ttm6psv47/app.bsky.actor.profile/self,2025-11-13T19:06:59.386Z
965ae8e86a4a437f98b2037e007f99de,2026-02-26T16:00:00Z,2026-02-26T16:15:43Z,auth,auth_enUS_labelerexp,at://did:plc:zwjypvn6f75som3ttm6psv47/app.bsky.feed.post/3mfpmjfbjrk2n,bafyreiacqtyexdkgox5eh3x62ss4w7csntu3rzqvu5blajnvmvh4a3jemq,did:plc:uac6er53o2pvr5y2qmvaf7hw,meta-link,,at://did:plc:zwjypvn6f75som3ttm6psv47/app.bsky.actor.profile/self,2025-11-13T19:06:59.386Z
965ae8e86a4a437f98b2037e007f99de,2026-02-26T16:00:00Z,2026-02-26T16:15:43Z,auth,auth_enUS_labelerexp,at://did:plc:zwjypvn6f75som3ttm6psv47/app.bsky.feed.post/3mfpmhik4d22n,bafyreiab3go42sfyyxiofzzwfaia2ukldizqsbxaeijziaqia5zpkwnwx4,did:plc:uac6er53o2pvr5y2qmvaf7hw,meta-link,,at://did:plc:zwjypvn6f75som3ttm6psv47/app.bsky.actor.profile/self,2025-11-13T19:06:59.386Z
965ae8e86a4a437f98b2037e007f99de,2026-02-26T16:00:00Z,2026-02-26T16:15:43Z,auth,auth_enUS_labelerexp,at://did:plc:zwjypvn6f75som3ttm6psv47/app.bsky.feed.post/3mfpmeklr722n,bafyreifhmyvmqwg23cy5qjbxvddplufnjbiqhframrnmlu73jcstsvqyqa,did:plc:uac6er53o2pvr5y2qmvaf7hw,meta-link,,at://did:plc:zwjypvn6f75som3ttm6psv47/app.bsky.actor.profile/self,2025-11-13T19:06:59.386Z
965ae8e86a4a437f98b2037e007f99de,2026-02-26T16:00:00Z,2026-02-26T16:15:43Z,auth,auth_enUS_labelerexp,at://did:plc:zwjypvn6f75som3ttm6psv47/app.bsky.feed.post/3mfpmb5l3is2n,bafyreiasfx364uuqjitl3iqxg4tfxqhn36feunkv3lba2rvjhwiun53cc4,did:plc:uac6er53o2pvr5y2qmvaf7hw,meta-link,,at://did:plc:zwjypvn6f75som3ttm6psv47/app.bsky.actor.profile/self,2025-11-13T19:06:59.386Z
965ae8e86a4a437f98b2037e007f99de,2026-02-26T16:00:00Z,2026-02-26T16:15:43Z,auth,auth_enUS_labelerexp,at://did:plc:zwjypvn6f75som3ttm6psv47/app.bsky.feed.post/3mfpm6drigc2n,bafyreibutdsmhzx67kuljnam5drlf4hujpxvfoqmfo2ks7hjcl7n2gogrq,did:plc:uac6er53o2pvr5y2qmvaf7hw,meta-link,,at://did:plc:zwjypvn6f75som3ttm6psv47/app.bsky.actor.profile/self,2025-11-13T19:06:59.386Z
965ae8e86a4a437f98b2037e007f99de,2026-02-26T16:00:00Z,2026-02-26T16:15:43Z,auth,auth_enUS_labelerexp,at://did:plc:2vx7moe4gf6qh3x5s4pokkie/app.bsky.feed.post/3mfploymvr22r,bafyreiap4um2umg53xgiowmikoc4iki7d5d23aqgibuadhegyuphfedkce,did:plc:2vx7moe4gf6qh3x5s4pokkie,!no-unauthenticated,,at://did:plc:2vx7moe4gf6qh3x5s4pokkie/app.bsky.actor.profile/self,1970-01-01T00:00:00.000Z
965ae8e86a4a437f98b2037e007f99de,2026-02-26T16:00:00Z,2026-02-26T16:15:43Z,auth,auth_enUS_labelerexp,at://did:plc:xcbnex4tdl2fa3bjopeviia2/app.bsky.feed.post/3mfphgugyec2c,bafyreiffu5kxh5ovseolwqbi7svbkrcv4gst2tkqbslybfchpjpyfyepji,did:plc:xcbnex4tdl2fa3bjopeviia2,!no-unauthenticated,,at://did:plc:xcbnex4tdl2fa3bjopeviia2/app.bsky.actor.profile/self,1970-01-01T00:00:00.000Z
965ae8e86a4a437f98b2037e007f99de,2026-02-26T16:00:00Z,2026-02-26T16:15:43Z,auth,auth_enUS_labelerexp,at://did:plc:w3kny76pvkomvdg2u5jwwkzl/app.bsky.feed.post/3mfpfehexvs2n,bafyreidmek42ct2p5wn6vxaipxwslucxwz5dq2k3s3eretz3ctpwfvv4qq,did:plc:w3kny76pvkomvdg2u5jwwkzl,!no-unauthenticated,,at://did:plc:w3kny76pvkomvdg2u5jwwkzl/app.bsky.actor.profile/self,1970-01-01T00:00:00.000Z
965ae8e86a4a437f98b2037e007f99de,2026-02-26T16:00:00Z,2026-02-26T16:15:43Z,auth,auth_enUS_labelerexp,at://did:plc:smfrilz65aww5torhnks44jc/app.bsky.feed.post/3mfpdrtkskc2g,bafyreigdkkbjmqimyyfriojef3yshscwiwf2kh6tdpx2b7aw5qdkptvw5i,did:plc:smfrilz65aww5torhnks44jc,!no-unauthenticated,,at://did:plc:smfrilz65aww5torhnks44jc/app.bsky.actor.profile/self,2024-10-18T08:05:31.780Z
965ae8e86a4a437f98b2037e007f99de,2026-02-26T16:00:00Z,2026-02-26T16:15:43Z,auth,auth_enUS_labelerexp,at://did:plc:gcnrnyiufrle5ib3fomv3o35/app.bsky.feed.post/3mfozegg7at2k,bafyreiayggqtw54xqso6h6vkyapraot5qdgh4am6ripozfv7pxttqwdegi,did:plc:l624mewisyr6hymexmrjkprc,writer,,did:plc:gcnrnyiufrle5ib3fomv3o35,2024-11-23T00:08:01.217Z
965ae8e86a4a437f98b2037e007f99de,2026-02-26T16:00:00Z,2026-02-26T16:15:43Z,auth,auth_enUS_labelerexp,at://did:plc:gcnrnyiufrle5ib3fomv3o35/app.bsky.feed.post/3mfozegg7at2k,bafyreiayggqtw54xqso6h6vkyapraot5qdgh4am6ripozfv7pxttqwdegi,did:plc:gcnrnyiufrle5ib3fomv3o35,!no-unauthenticated,,at://did:plc:gcnrnyiufrle5ib3fomv3o35/app.bsky.actor.profile/self,2024-02-15T16:48:27.808Z
965ae8e86a4a437f98b2037e007f99de,2026-02-26T16:00:00Z,2026-02-26T16:15:43Z,auth,auth_enUS_labelerexp,at://did:plc:gcnrnyiufrle5ib3fomv3o35/app.bsky.feed.post/3mfotmars732a,bafyreibexpphukfaxck2xrz4vjm4rqdacsmf3ys6r3e34hof5swgtxbu4a,did:plc:l624mewisyr6hymexmrjkprc,writer,,did:plc:gcnrnyiufrle5ib3fomv3o35,2024-11-23T00:08:01.217Z
965ae8e86a4a437f98b2037e007f99de,2026-02-26T16:00:00Z,2026-02-26T16:15:43Z,auth,auth_enUS_labelerexp,at://did:plc:gcnrnyiufrle5ib3fomv3o35/app.bsky.feed.post/3mfotmars732a,bafyreibexpphukfaxck2xrz4vjm4rqdacsmf3ys6r3e34hof5swgtxbu4a,did:plc:gcnrnyiufrle5ib3fomv3o35,!no-unauthenticated,,at://did:plc:gcnrnyiufrle5ib3fomv3o35/app.bsky.actor.profile/self,2024-02-15T16:48:27.808Z
965ae8e86a4a437f98b2037e007f99de,2026-02-26T16:00:00Z,2026-02-26T16:15:43Z,auth,auth_enUS_labelerexp,at://did:plc:xcbnex4tdl2fa3bjopeviia2/app.bsky.feed.post/3mfogdrk46k2e,bafyreiedk4tjfl42qrlqcih7y252qz6b4h5qnixwyl7jaohh7guvcx7qpi,did:plc:xcbnex4tdl2fa3bjopeviia2,!no-unauthenticated,,at://did:plc:xcbnex4tdl2fa3bjopeviia2/app.bsky.actor.profile/self,1970-01-01T00:00:00.000Z
965ae8e86a4a437f98b2037e007f99de,2026-02-26T16:00:00Z,2026-02-26T16:15:43Z,auth,auth_enUS_labelerexp,at://did:plc:7oslqf554gyvd5523tkdzy3c/app.bsky.feed.post/3mfoafi63oc2n,bafyreidahmi2b6m62e5dnawsbzwhll2cduz2gix3imbsniqxwpipcr4yca,did:plc:7oslqf554gyvd5523tkdzy3c,!no-unauthenticated,,at://did:plc:7oslqf554gyvd5523tkdzy3c/app.bsky.actor.profile/self,1970-01-01T00:00:00.000Z
965ae8e86a4a437f98b2037e007f99de,2026-02-26T16:00:00Z,2026-02-26T16:15:43Z,auth,auth_enUS_labelerexp,at://did:plc:to23nv4ciucjgrf4a4kyrmzf/app.bsky.feed.post/3mfnn64l67s2v,bafyreiaqfdyd4imz42kbogz2d6hh34ybxng4773eyfqlzt2bacequhdvoa,did:plc:to23nv4ciucjgrf4a4kyrmzf,!no-unauthenticated,,at://did:plc:to23nv4ciucjgrf4a4kyrmzf/app.bsky.actor.profile/self,1970-01-01T00:00:00.000Z
965ae8e86a4a437f98b2037e007f99de,2026-02-26T16:00:00Z,2026-02-26T16:15:43Z,auth,auth_enUS_labelerexp,at://did:plc:2tqrmolzzodqwawqxozpbnkl/app.bsky.feed.post/3mfrhx2vk3c2r,bafyreia2vvvhguodvkhadsndbbjpskyze4xqfz7scwdadxna76b2mfhmfe,did:plc:uac6er53o2pvr5y2qmvaf7hw,meta-link,,at://did:plc:2tqrmolzzodqwawqxozpbnkl/app.bsky.actor.profile/self,2025-05-01T02:09:07.500Z
965ae8e86a4a437f98b2037e007f99de,2026-02-26T16:00:00Z,2026-02-26T16:15:43Z,auth,auth_enUS_labelerexp,at://did:plc:2tqrmolzzodqwawqxozpbnkl/app.bsky.feed.post/3mfrhx2vk3c2r,bafyreia2vvvhguodvkhadsndbbjpskyze4xqfz7scwdadxna76b2mfhmfe,did:plc:uac6er53o2pvr5y2qmvaf7hw,altrightlink,,at://did:plc:2tqrmolzzodqwawqxozpbnkl/app.bsky.actor.profile/self,2025-03-26T16:12:52.817Z
965ae8e86a4a437f98b2037e007f99de,2026-02-26T16:00:00Z,2026-02-26T16:15:44Z,auth,auth_enUS_labelerexp,at://did:plc:emzk4gfkuc2q7p57fizgz3yj/app.bsky.feed.post/3mfriurpwmc2b,bafyreigfpfusovvzbdqktfz4y6kpm5l4hforzzhn6k2rzaqvl43dgxlwiu,did:plc:uac6er53o2pvr5y2qmvaf7hw,telegram-link,,at://did:plc:emzk4gfkuc2q7p57fizgz3yj/app.bsky.actor.profile/self,2025-12-05T00:33:19.094Z
965ae8e86a4a437f98b2037e007f99de,2026-02-26T16:00:00Z,2026-02-26T16:15:44Z,auth,auth_enUS_labelerexp,at://did:plc:bpzpgsi5gioigt5hhebxxosc/app.bsky.feed.post/3mfrg3wdmn22j,bafyreif57kvgxz5ynbx64j7yyn7dsgcekd4hj5okfje4lk2wg4sgkrihmu,did:plc:bpzpgsi5gioigt5hhebxxosc,sexual,,at://did:plc:bpzpgsi5gioigt5hhebxxosc/app.bsky.feed.post/3mfrg3wdmn22j,2026-02-26T14:34:14.415Z
965ae8e86a4a437f98b2037e007f99de,2026-02-26T16:00:00Z,2026-02-26T16:15:44Z,auth,auth_enUS_labelerexp,at://did:plc:av6lkzdyfyuovpbcltvjxqoc/app.bsky.feed.post/3mfrd7u4d522g,bafyreieqpaygmtifxmp4twlcsbtjrl7dmpxuewhl6jyafrkdewosjuukze,did:plc:av6lkzdyfyuovpbcltvjxqoc,porn,,at://did:plc:av6lkzdyfyuovpbcltvjxqoc/app.bsky.feed.post/3mfrd7u4d522g,2026-02-26T13:42:45.091Z
965ae8e86a4a437f98b2037e007f99de,2026-02-26T16:00:00Z,2026-02-26T16:15:44Z,auth,auth_enUS_labelerexp,at://did:plc:dxkojpe5pkzatw5jfuka7ifv/app.bsky.feed.post/3mfrian4qdb25,bafyreiflvjx6ltjekodk4bths737pf5frzfgkohoyktnw7s3yvcifas7su,did:plc:dxkojpe5pkzatw5jfuka7ifv,porn,,at://did:plc:dxkojpe5pkzatw5jfuka7ifv/app.bsky.feed.post/3mfrian4qdb25,2026-02-26T15:12:40.064Z
965ae8e86a4a437f98b2037e007f99de,2026-02-26T16:00:00Z,2026-02-26T16:15:44Z,auth,auth_enUS_labelerexp,at://did:plc:tb2qupthq6a3lzwtl6x4owwn/app.bsky.feed.post/3mfr7ij5wnc2x,bafyreibnph6r7pap6g3kxxg2udf7ehq3vyblfhgdujlehq425qlks6idhu,did:plc:ar7c4by46qjdydhdevvrndac,porn,,at://did:plc:tb2qupthq6a3lzwtl6x4owwn/app.bsky.feed.post/3mfr7ij5wnc2x,2026-02-26T12:36:06.466Z
965ae8e86a4a437f98b2037e007f99de,2026-02-26T16:00:00Z,2026-02-26T16:15:44Z,auth,auth_enUS_labelerexp,at://did:plc:tb2qupthq6a3lzwtl6x4owwn/app.bsky.feed.post/3mfr7ij5wnc2x,bafyreibnph6r7pap6g3kxxg2udf7ehq3vyblfhgdujlehq425qlks6idhu,did:plc:ar7c4by46qjdydhdevvrndac,sexual,,at://did:plc:tb2qupthq6a3lzwtl6x4owwn/app.bsky.feed.post/3mfr7ij5wnc2x,2026-02-26T12:36:06.466Z
965ae8e86a4a437f98b2037e007f99de,2026-02-26T16:00:00Z,2026-02-26T16:15:44Z,auth,auth_enUS_labelerexp,at://did:plc:tb2qupthq6a3lzwtl6x4owwn/app.bsky.feed.post/3mfr7ij5wnc2x,bafyreibnph6r7pap6g3kxxg2udf7ehq3vyblfhgdujlehq425qlks6idhu,did:plc:tb2qupthq6a3lzwtl6x4owwn,porn,,at://did:plc:tb2qupthq6a3lzwtl6x4owwn/app.bsky.feed.post/3mfr7ij5wnc2x,2026-02-26T12:36:00.657Z
965ae8e86a4a437f98b2037e007f99de,2026-02-26T16:00:00Z,2026-02-26T16:15:44Z,auth,auth_enUS_labelerexp,at://did:plc:tb2qupthq6a3lzwtl6x4owwn/app.bsky.feed.post/3mfr7ij5wnc2x,bafyreibnph6r7pap6g3kxxg2udf7ehq3vyblfhgdujlehq425qlks6idhu,did:plc:tb2qupthq6a3lzwtl6x4owwn,!no-unauthenticated,,at://did:plc:tb2qupthq6a3lzwtl6x4owwn/app.bsky.actor.profile/self,1970-01-01T00:00:00.000Z
965ae8e86a4a437f98b2037e007f99de,2026-02-26T16:00:00Z,2026-02-26T16:15:44Z,auth,auth_enUS_labelerexp,at://did:plc:emzk4gfkuc2q7p57fizgz3yj/app.bsky.feed.post/3mfrin7vuh22b,bafyreidtrsmbpyctlers7kho2mieqtahzkhqab4uiaptqddokz6lrkhelm,did:plc:uac6er53o2pvr5y2qmvaf7hw,telegram-link,,at://did:plc:emzk4gfkuc2q7p57fizgz3yj/app.bsky.actor.profile/self,2025-12-05T00:33:19.094Z
965ae8e86a4a437f98b2037e007f99de,2026-02-26T16:00:00Z,2026-02-26T16:15:44Z,auth,auth_enUS_labelerexp,at://did:plc:bluh2ddztbgibroslqlxx3zc/app.bsky.feed.post/3mfrgd4tuoc2j,bafyreie2uw3udv3ng2cghzp5mlf2llkgcdh5ctpje4qtkjpwrcnvpltybq,did:plc:bluh2ddztbgibroslqlxx3zc,porn,,at://did:plc:bluh2ddztbgibroslqlxx3zc/app.bsky.feed.post/3mfrgd4tuoc2j,2026-02-26T14:38:16.160Z
965ae8e86a4a437f98b2037e007f99de,2026-02-26T16:00:00Z,2026-02-26T16:15:44Z,auth,auth_enUS_labelerexp,at://did:plc:74fm7hegnxqvvrvjjsuomnq6/app.bsky.feed.post/3mfqls457tk2v,bafyreiaya4mq42hdhltslb6ig5asacwmnrnzzwc2g25f2xaptkexfxppnu,did:plc:74fm7hegnxqvvrvjjsuomnq6,porn,,at://did:plc:74fm7hegnxqvvrvjjsuomnq6/app.bsky.feed.post/3mfqls457tk2v,2026-02-26T06:43:27.708Z
965ae8e86a4a437f98b2037e007f99de,2026-02-26T16:00:00Z,2026-02-26T16:15:44Z,auth,auth_enUS_labelerexp,at://did:plc:74fm7hegnxqvvrvjjsuomnq6/app.bsky.feed.post/3mfqls457tk2v,bafyreiaya4mq42hdhltslb6ig5asacwmnrnzzwc2g25f2xaptkexfxppnu,did:plc:uac6er53o2pvr5y2qmvaf7hw,telegram-link,,at://did:plc:74fm7hegnxqvvrvjjsuomnq6/app.bsky.actor.profile/self,2025-09-11T00:14:47.933Z
965ae8e86a4a437f98b2037e007f99de,2026-02-26T16:00:00Z,2026-02-26T16:15:44Z,auth,auth_enUS_labelerexp,at://did:plc:ap6cfu7qygg473fl7hq5cnke/app.bsky.feed.post/3mfrhwjlxac2a,bafyreiba6lpwaljt3q35iod7p5yynkhsyzuukr7nfo3y3rpqqkqb3kploe,did:plc:ar7c4by46qjdydhdevvrndac,porn,,at://did:plc:ap6cfu7qygg473fl7hq5cnke/app.bsky.feed.post/3mfrhwjlxac2a,2026-02-26T15:07:16.115Z
965ae8e86a4a437f98b2037e007f99de,2026-02-26T16:00:00Z,2026-02-26T16:15:44Z,auth,auth_enUS_labelerexp,at://did:plc:kdu4vemyawbfskf5cy2u2edl/app.bsky.feed.post/3mfq674hyic2n,bafyreiczndzmpw7j5ykxuwjgcd7dmrrr63liqyxulg23rjyf37zufrrlwi,did:plc:kdu4vemyawbfskf5cy2u2edl,porn,,at://did:plc:kdu4vemyawbfskf5cy2u2edl/app.bsky.feed.post/3mfq674hyic2n,2026-02-26T02:40:11.812Z
965ae8e86a4a437f98b2037e007f99de,2026-02-26T16:00:00Z,2026-02-26T16:15:44Z,auth,auth_enUS_labelerexp,at://did:plc:kdu4vemyawbfskf5cy2u2edl/app.bsky.feed.post/3mfq674hyic2n,bafyreiczndzmpw7j5ykxuwjgcd7dmrrr63liqyxulg23rjyf37zufrrlwi,did:plc:uac6er53o2pvr5y2qmvaf7hw,telegram-link,,at://did:plc:kdu4vemyawbfskf5cy2u2edl/app.bsky.actor.profile/self,2025-09-14T01:47:07.285Z
965ae8e86a4a437f98b2037e007f99de,2026-02-26T16:00:00Z,2026-02-26T16:15:44Z,auth,auth_enUS_labelerexp,at://did:plc:ggvnd3v7mzs63ufcgsxaqooy/app.bsky.feed.post/3mfrdakxwbc2u,bafyreigbekdw3ndom7qlqv65xyablzvnb4x5hnhabpyk5sidh6c637xvhu,did:plc:ggvnd3v7mzs63ufcgsxaqooy,sexual,,at://did:plc:ggvnd3v7mzs63ufcgsxaqooy/app.bsky.feed.post/3mfrdakxwbc2u,2026-02-26T13:43:09.087Z
965ae8e86a4a437f98b2037e007f99de,2026-02-26T16:00:00Z,2026-02-26T16:15:44Z,auth,auth_enUS_labelerexp,at://did:plc:ggvnd3v7mzs63ufcgsxaqooy/app.bsky.feed.post/3mfrdakxwbc2u,bafyreigbekdw3ndom7qlqv65xyablzvnb4x5hnhabpyk5sidh6c637xvhu,did:plc:ggvnd3v7mzs63ufcgsxaqooy,!no-unauthenticated,,at://did:plc:ggvnd3v7mzs63ufcgsxaqooy/app.bsky.actor.profile/self,1970-01-01T00:00:00.000Z
965ae8e86a4a437f98b2037e007f99de,2026-02-26T16:00:00Z,2026-02-26T16:15:44Z,auth,auth_enUS_labelerexp,at://did:plc:7uzalhffwjf4ry3ixqoekctx/app.bsky.feed.post/3mfrc56nzvc24,bafyreigmi4p64g334ngdkfbfjbpml2aexlcxwd3kdqkbjvby3fdqj6wpmu,did:plc:ar7c4by46qjdydhdevvrndac,porn,,at://did:plc:7uzalhffwjf4ry3ixqoekctx/app.bsky.feed.post/3mfrc56nzvc24,2026-02-26T13:23:34.464Z
965ae8e86a4a437f98b2037e007f99de,2026-02-26T16:00:00Z,2026-02-26T16:15:44Z,auth,auth_enUS_labelerexp,at://did:plc:sskqx2fka2qt2lqkuxfiw6ly/app.bsky.feed.post/3mfrlacugxc2r,bafyreiffkjino6xizsgumu6zzkj23nezmbae5luxpka4fecvhzmmhhubte,did:plc:uac6er53o2pvr5y2qmvaf7hw,abusive,,did:plc:sskqx2fka2qt2lqkuxfiw6ly,2024-12-11T15:00:43.425Z
965ae8e86a4a437f98b2037e007f99de,2026-02-26T16:00:00Z,2026-02-26T16:15:44Z,auth,auth_enUS_labelerexp,at://did:plc:sskqx2fka2qt2lqkuxfiw6ly/app.bsky.feed.post/3mfrlacugxc2r,bafyreiffkjino6xizsgumu6zzkj23nezmbae5luxpka4fecvhzmmhhubte,did:plc:uac6er53o2pvr5y2qmvaf7hw,hate-symbol,,did:plc:sskqx2fka2qt2lqkuxfiw6ly,2025-10-24T05:28:27.660Z
965ae8e86a4a437f98b2037e007f99de,2026-02-26T16:00:00Z,2026-02-26T16:15:44Z,auth,auth_enUS_labelerexp,at://did:plc:sskqx2fka2qt2lqkuxfiw6ly/app.bsky.feed.post/3mfrlacugxc2r,bafyreiffkjino6xizsgumu6zzkj23nezmbae5luxpka4fecvhzmmhhubte,did:plc:uac6er53o2pvr5y2qmvaf7hw,violent,,did:plc:sskqx2fka2qt2lqkuxfiw6ly,2025-03-04T14:39:38.566Z
965ae8e86a4a437f98b2037e007f99de,2026-02-26T16:00:00Z,2026-02-26T16:15:44Z,auth,auth_enUS_labelerexp,at://did:plc:sskqx2fka2qt2lqkuxfiw6ly/app.bsky.feed.post/3mfrlacugxc2r,bafyreiffkjino6xizsgumu6zzkj23nezmbae5luxpka4fecvhzmmhhubte,did:plc:l624mewisyr6hymexmrjkprc,artistdesigner,,did:plc:sskqx2fka2qt2lqkuxfiw6ly,2024-10-21T13:26:26.407Z
965ae8e86a4a437f98b2037e007f99de,2026-02-26T16:00:00Z,2026-02-26T16:15:44Z,auth,auth_enUS_labelerexp,at://did:plc:sskqx2fka2qt2lqkuxfiw6ly/app.bsky.feed.post/3mfrlacugxc2r,bafyreiffkjino6xizsgumu6zzkj23nezmbae5luxpka4fecvhzmmhhubte,did:plc:l624mewisyr6hymexmrjkprc,musician,,did:plc:sskqx2fka2qt2lqkuxfiw6ly,2024-10-21T13:26:24.159Z
965ae8e86a4a437f98b2037e007f99de,2026-02-26T16:00:00Z,2026-02-26T16:15:44Z,auth,auth_enUS_labelerexp,at://did:plc:6vx4y6hpxk3hiedmzihxugpy/app.bsky.feed.post/3mfqgt2nswk2x,bafyreick23oxyw4orvbkkfeotjznxvtquathcdnp6josi5mtog4wxlaqxu,did:plc:6vx4y6hpxk3hiedmzihxugpy,porn,,at://did:plc:6vx4y6hpxk3hiedmzihxugpy/app.bsky.feed.post/3mfqgt2nswk2x,2026-02-26T05:14:30.946Z
965ae8e86a4a437f98b2037e007f99de,2026-02-26T16:00:00Z,2026-02-26T16:15:44Z,auth,auth_enUS_labelerexp,at://did:plc:52xz5kgs4uou22xte665qnjv/app.bsky.feed.post/3mfrizcwjzc23,bafyreifvywmlrzvinvh43coqni35p26epoaaiqahoussvfd6m4co42yl5i,did:plc:ar7c4by46qjdydhdevvrndac,sexual,,at://did:plc:52xz5kgs4uou22xte665qnjv/app.bsky.feed.post/3mfrizcwjzc23,2026-02-26T15:26:39.097Z
965ae8e86a4a437f98b2037e007f99de,2026-02-26T16:00:00Z,2026-02-26T16:15:44Z,auth,auth_enUS_labelerexp,at://did:plc:5j2u6smhiypggkxpxvczwmfl/app.bsky.feed.post/3mfqvsfpoak2d,bafyreihvcsvdvkaavktx5pgarj3wgpdxfk5jlqpqwv3wh773uqukh465si,did:plc:5j2u6smhiypggkxpxvczwmfl,porn,,at://did:plc:5j2u6smhiypggkxpxvczwmfl/app.bsky.feed.post/3mfqvsfpoak2d,2026-02-26T09:42:35.149Z
965ae8e86a4a437f98b2037e007f99de,2026-02-26T16:00:00Z,2026-02-26T16:15:44Z,auth,auth_enUS_labelerexp,at://did:plc:i63andemyk4z7xv6x7yi4a6l/app.bsky.feed.post/3mfrhnhcicq2h,bafyreic4yn7wu57f7j3yr7saik52qgyn3zgamxjible3uloih2nv365gne,did:plc:i63andemyk4z7xv6x7yi4a6l,porn,,at://did:plc:i63andemyk4z7xv6x7yi4a6l/app.bsky.feed.post/3mfrhnhcicq2h,2026-02-26T15:01:56.382Z
965ae8e86a4a437f98b2037e007f99de,2026-02-26T16:00:00Z,2026-02-26T16:15:44Z,auth,auth_enUS_labelerexp,at://did:plc:rqtnkbd5xhgfstrw7w4epfs5/app.bsky.feed.post/3mfpibzlehc2c,bafyreidaij46nepz275yjvidu52gplctqukwaetcchumw5xqodylykqadu,did:plc:rqtnkbd5xhgfstrw7w4epfs5,porn,,at://did:plc:rqtnkbd5xhgfstrw7w4epfs5/app.bsky.feed.post/3mfpibzlehc2c,2026-02-25T20:08:07.193Z
965ae8e86a4a437f98b2037e007f99de,2026-02-26T16:00:00Z,2026-02-26T16:15:44Z,auth,auth_enUS_labelerexp,at://did:plc:iruedglc5sqzh4yhfmpwyanf/app.bsky.feed.post/3mfpy2f3b6k2y,bafyreihmmgsnpb5jo4ino2zyh4zollgtmf6otrdbsyifxcyv322ozvi7cq,did:plc:l624mewisyr6hymexmrjkprc,artistdesigner,,did:plc:iruedglc5sqzh4yhfmpwyanf,2024-10-22T13:47:25.520Z
965ae8e86a4a437f98b2037e007f99de,2026-02-26T16:00:00Z,2026-02-26T16:15:44Z,auth,auth_enUS_labelerexp,at://did:plc:iruedglc5sqzh4yhfmpwyanf/app.bsky.feed.post/3mfpy2f3b6k2y,bafyreihmmgsnpb5jo4ino2zyh4zollgtmf6otrdbsyifxcyv322ozvi7cq,did:plc:uac6er53o2pvr5y2qmvaf7hw,x-link,,at://did:plc:iruedglc5sqzh4yhfmpwyanf/app.bsky.actor.profile/self,2025-09-29T22:05:46.822Z
965ae8e86a4a437f98b2037e007f99de,2026-02-26T16:00:00Z,2026-02-26T16:15:44Z,auth,auth_enUS_labelerexp,at://did:plc:iruedglc5sqzh4yhfmpwyanf/app.bsky.feed.post/3mfpy2f3b6k2y,bafyreihmmgsnpb5jo4ino2zyh4zollgtmf6otrdbsyifxcyv322ozvi7cq,did:plc:iruedglc5sqzh4yhfmpwyanf,!no-unauthenticated,,at://did:plc:iruedglc5sqzh4yhfmpwyanf/app.bsky.actor.profile/self,1970-01-01T00:00:00.000Z
965ae8e86a4a437f98b2037e007f99de,2026-02-26T16:00:00Z,2026-02-26T16:15:44Z,auth,auth_enUS_labelerexp,at://did:plc:hik5jfeydkapfqrhypnkvoqh/app.bsky.feed.post/3mfrkwb66ws22,bafyreihlhlp6azgftpkchjzfhqeatsx7zn5glepm2bfvtwh4dzj7cb6lp4,did:plc:ar7c4by46qjdydhdevvrndac,porn,,at://did:plc:hik5jfeydkapfqrhypnkvoqh/app.bsky.feed.post/3mfrkwb66ws22,2026-02-26T16:00:36.690Z
965ae8e86a4a437f98b2037e007f99de,2026-02-26T16:00:00Z,2026-02-26T16:15:44Z,auth,auth_enUS_labelerexp,at://did:plc:hik5jfeydkapfqrhypnkvoqh/app.bsky.feed.post/3mfrkwb66ws22,bafyreihlhlp6azgftpkchjzfhqeatsx7zn5glepm2bfvtwh4dzj7cb6lp4,did:plc:hik5jfeydkapfqrhypnkvoqh,nudity,,at://did:plc:hik5jfeydkapfqrhypnkvoqh/app.bsky.feed.post/3mfrkwb66ws22,2026-02-26T16:00:33.199Z
965ae8e86a4a437f98b2037e007f99de,2026-02-26T16:00:00Z,2026-02-26T16:15:44Z,auth,auth_enUS_labelerexp,at://did:plc:4e6ycv6x3z5vwfihfdavsrc7/app.bsky.feed.post/3mfreaqkp5c2n,bafyreigvctbkv3uyd65ase6p6xd5me63m2gwucmtjlprqdz43f777jwy6u,did:plc:l624mewisyr6hymexmrjkprc,animator,,did:plc:4e6ycv6x3z5vwfihfdavsrc7,2024-10-21T16:47:24.932Z
965ae8e86a4a437f98b2037e007f99de,2026-02-26T16:00:00Z,2026-02-26T16:15:44Z,auth,auth_enUS_labelerexp,at://did:plc:4e6ycv6x3z5vwfihfdavsrc7/app.bsky.feed.post/3mfreaqkp5c2n,bafyreigvctbkv3uyd65ase6p6xd5me63m2gwucmtjlprqdz43f777jwy6u,did:plc:l624mewisyr6hymexmrjkprc,artistdesigner,,did:plc:4e6ycv6x3z5vwfihfdavsrc7,2024-10-21T16:47:29.287Z
965ae8e86a4a437f98b2037e007f99de,2026-02-26T16:00:00Z,2026-02-26T16:15:44Z,auth,auth_enUS_labelerexp,at://did:plc:4e6ycv6x3z5vwfihfdavsrc7/app.bsky.feed.post/3mfreaqkp5c2n,bafyreigvctbkv3uyd65ase6p6xd5me63m2gwucmtjlprqdz43f777jwy6u,did:plc:l624mewisyr6hymexmrjkprc,l-threedimensional-artist,,did:plc:4e6ycv6x3z5vwfihfdavsrc7,2024-10-21T16:47:24.951Z
965ae8e86a4a437f98b2037e007f99de,2026-02-26T16:00:00Z,2026-02-26T16:15:44Z,auth,auth_enUS_labelerexp,at://did:plc:4sd7b2zkmj3dowb5kxb7yrks/app.bsky.feed.post/3mfr6x5wvps2r,bafyreihvqvqyyfxtwmjyps7yjwkcu6mg2pgnfr7pvphioawzt5fcoxweb4,did:plc:4sd7b2zkmj3dowb5kxb7yrks,!no-unauthenticated,,at://did:plc:4sd7b2zkmj3dowb5kxb7yrks/app.bsky.actor.profile/self,1970-01-01T00:00:00.000Z
965ae8e86a4a437f98b2037e007f99de,2026-02-26T16:00:00Z,2026-02-26T16:15:44Z,auth,auth_enUS_labelerexp,at://did:plc:5z6lquksmuo7cmjiahe7kyxc/app.bsky.feed.post/3mfrgxupx7s2q,bafyreibq6egqxvo6luqpbzegeyaj7dxkdldkrlkbshrbxqsalzkncbmqz4,did:plc:ar7c4by46qjdydhdevvrndac,porn,,at://did:plc:5z6lquksmuo7cmjiahe7kyxc/app.bsky.feed.post/3mfrgxupx7s2q,2026-02-26T14:49:57.065Z
965ae8e86a4a437f98b2037e007f99de,2026-02-26T16:00:00Z,2026-02-26T16:15:44Z,auth,auth_enUS_labelerexp,at://did:plc:i63andemyk4z7xv6x7yi4a6l/app.bsky.feed.post/3mfrkyqmy342x,bafyreiggnk5pjxs3wfnuz7excq5fcjih35njxwss53pcbwmqscokdyrsha,did:plc:i63andemyk4z7xv6x7yi4a6l,porn,,at://did:plc:i63andemyk4z7xv6x7yi4a6l/app.bsky.feed.post/3mfrkyqmy342x,2026-02-26T16:01:56.493Z
965ae8e86a4a437f98b2037e007f99de,2026-02-26T16:00:00Z,2026-02-26T16:15:44Z,auth,auth_enUS_labelerexp,at://did:plc:udmwqw3hzhxc4nh22tzycoa4/app.bsky.feed.post/3mfrkau6cg225,bafyreidkrgsolutgfsu33zoiwzvh5x5oj57dmlgukp5qwssnsfnznd4wyi,did:plc:uac6er53o2pvr5y2qmvaf7hw,blocks,,did:plc:udmwqw3hzhxc4nh22tzycoa4,2025-10-20T16:15:14.022Z
965ae8e86a4a437f98b2037e007f99de,2026-02-26T16:00:00Z,2026-02-26T16:15:44Z,auth,auth_enUS_labelerexp,at://did:plc:udmwqw3hzhxc4nh22tzycoa4/app.bsky.feed.post/3mfrkau6cg225,bafyreidkrgsolutgfsu33zoiwzvh5x5oj57dmlgukp5qwssnsfnznd4wyi,did:plc:uac6er53o2pvr5y2qmvaf7hw,telegram-link,,at://did:plc:udmwqw3hzhxc4nh22tzycoa4/app.bsky.actor.profile/self,2025-04-24T02:43:34.628Z
965ae8e86a4a437f98b2037e007f99de,2026-02-26T16:00:00Z,2026-02-26T16:15:44Z,auth,auth_enUS_labelerexp,at://did:plc:crlswjha2vijlrz2q2galzgq/app.bsky.feed.post/3mfrgdwpjzk26,bafyreiawdvav2a6b75daibckt5v2ljt4yapmlp5ldbyvdmfnohub63pv3m,did:plc:crlswjha2vijlrz2q2galzgq,porn,,at://did:plc:crlswjha2vijlrz2q2galzgq/app.bsky.feed.post/3mfrgdwpjzk26,2026-02-26T14:38:43.283Z
965ae8e86a4a437f98b2037e007f99de,2026-02-26T16:00:00Z,2026-02-26T16:15:44Z,auth,auth_enUS_labelerexp,at://did:plc:bfuck3vwwacatltdmnilloym/app.bsky.feed.post/3mfrjlnibu22m,bafyreid42633q6ew3cinsjxhtqxugvtstdzp44tedfl4hz2imhr5v4yoa4,did:plc:bfuck3vwwacatltdmnilloym,porn,,at://did:plc:bfuck3vwwacatltdmnilloym/app.bsky.feed.post/3mfrjlnibu22m,2026-02-26T15:36:43.273Z
965ae8e86a4a437f98b2037e007f99de,2026-02-26T16:00:00Z,2026-02-26T16:15:44Z,auth,auth_enUS_labelerexp,at://did:plc:bfuck3vwwacatltdmnilloym/app.bsky.feed.post/3mfrjlnibu22m,bafyreid42633q6ew3cinsjxhtqxugvtstdzp44tedfl4hz2imhr5v4yoa4,did:plc:ar7c4by46qjdydhdevvrndac,sexual,0,at://did:plc:bfuck3vwwacatltdmnilloym/app.bsky.actor.profile/self,2023-11-01T09:09:41.765Z
965ae8e86a4a437f98b2037e007f99de,2026-02-26T16:00:00Z,2026-02-26T16:15:44Z,auth,auth_enUS_labelerexp,at://did:plc:i63andemyk4z7xv6x7yi4a6l/app.bsky.feed.post/3mfrkyrkzbx2q,bafyreidmm5yr3unbag7qzojqcu2xj66wheqkqyzsonakswb6pn6bxw2mem,did:plc:i63andemyk4z7xv6x7yi4a6l,porn,,at://did:plc:i63andemyk4z7xv6x7yi4a6l/app.bsky.feed.post/3mfrkyrkzbx2q,2026-02-26T16:01:57.478Z
965ae8e86a4a437f98b2037e007f99de,2026-02-26T16:00:00Z,2026-02-26T16:15:44Z,auth,auth_enUS_labelerexp,at://did:plc:5tlg36qutaq64afwetcjisof/app.bsky.feed.post/3mfrkkw5dok27,bafyreibcml5suqrkfnh75dvhepotaxqnab5ltzny5wmknkgxltbhl6bwxa,did:plc:5tlg36qutaq64afwetcjisof,!no-unauthenticated,,at://did:plc:5tlg36qutaq64afwetcjisof/app.bsky.actor.profile/self,1970-01-01T00:00:00.000Z
965ae8e86a4a437f98b2037e007f99de,2026-02-26T16:00:00Z,2026-02-26T16:15:44Z,auth,auth_enUS_labelerexp,at://did:plc:52gwhcogt64s3npuve2uaawu/app.bsky.feed.post/3mfrdwaz2nk2e,bafyreibo6hgocrwxgp2zh7e2eii6cw7bxkxe6pgwkspecexd4sorbco2te,did:plc:52gwhcogt64s3npuve2uaawu,porn,,at://did:plc:52gwhcogt64s3npuve2uaawu/app.bsky.feed.post/3mfrdwaz2nk2e,2026-02-26T13:55:16.839Z
965ae8e86a4a437f98b2037e007f99de,2026-02-26T16:00:00Z,2026-02-26T16:15:45Z,auth,auth_enUS_labelerexp,at://did:plc:vmapg4cdx4ctngrde5lwyx2z/app.bsky.feed.post/3mfrlgvi53p2e,bafyreic3pqxi4xyhoax6pjbgutsrqcxd76q3n7ldgi3piv5xyk3l3ojcrq,did:plc:ar7c4by46qjdydhdevvrndac,needs-review,,did:plc:vmapg4cdx4ctngrde5lwyx2z,2026-02-26T08:37:02.533Z
965ae8e86a4a437f98b2037e007f99de,2026-02-26T16:00:00Z,2026-02-26T16:15:45Z,auth,auth_enUS_labelerexp,at://did:plc:vmapg4cdx4ctngrde5lwyx2z/app.bsky.feed.post/3mfrjign7j32h,bafyreicoemz7kx3hv7ywg3eh5cujeye7idc55zhqkzlu2nqqdrcmnjthjm,did:plc:ar7c4by46qjdydhdevvrndac,sexual,,at://did:plc:vmapg4cdx4ctngrde5lwyx2z/app.bsky.feed.post/3mfrjign7j32h,2026-02-26T15:34:56.906Z
965ae8e86a4a437f98b2037e007f99de,2026-02-26T16:00:00Z,2026-02-26T16:15:45Z,auth,auth_enUS_labelerexp,at://did:plc:vmapg4cdx4ctngrde5lwyx2z/app.bsky.feed.post/3mfrjign7j32h,bafyreicoemz7kx3hv7ywg3eh5cujeye7idc55zhqkzlu2nqqdrcmnjthjm,did:plc:ar7c4by46qjdydhdevvrndac,needs-review,,did:plc:vmapg4cdx4ctngrde5lwyx2z,2026-02-26T08:37:02.533Z
965ae8e86a4a437f98b2037e007f99de,2026-02-26T16:00:00Z,2026-02-26T16:15:45Z,auth,auth_enUS_labelerexp,at://did:plc:vmapg4cdx4ctngrde5lwyx2z/app.bsky.feed.post/3mfrjf6cez52u,bafyreidvhtpkhbttf3s3msbpgcddoidlo3nkcqxdqgnwxlbcqgt53nsapi,did:plc:ar7c4by46qjdydhdevvrndac,needs-review,,did:plc:vmapg4cdx4ctngrde5lwyx2z,2026-02-26T08:37:02.533Z
965ae8e86a4a437f98b2037e007f99de,2026-02-26T16:00:00Z,2026-02-26T16:15:45Z,auth,auth_enUS_labelerexp,at://did:plc:5cet5ak3iuvgrmsdxxk6kf7d/app.bsky.feed.post/3mfrifdhsfk2l,bafyreib6rrpczgshkklj7j6cojrzx7gsjnrrth3cauxhdox6y42lahl3ja,did:plc:ar7c4by46qjdydhdevvrndac,porn,,at://did:plc:5cet5ak3iuvgrmsdxxk6kf7d/app.bsky.actor.profile/self,2025-12-21T16:49:11.970Z
965ae8e86a4a437f98b2037e007f99de,2026-02-26T16:00:00Z,2026-02-26T16:15:45Z,auth,auth_enUS_labelerexp,at://did:plc:5cet5ak3iuvgrmsdxxk6kf7d/app.bsky.feed.post/3mfrifdhsfk2l,bafyreib6rrpczgshkklj7j6cojrzx7gsjnrrth3cauxhdox6y42lahl3ja,did:plc:ar7c4by46qjdydhdevvrndac,sexual-figurative,,at://did:plc:5cet5ak3iuvgrmsdxxk6kf7d/app.bsky.actor.profile/self,2025-11-28T23:52:10.287Z
965ae8e86a4a437f98b2037e007f99de,2026-02-26T16:00:00Z,2026-02-26T16:15:45Z,auth,auth_enUS_labelerexp,at://did:plc:l7z6uiyijext657436ypfofe/app.bsky.feed.post/3mfrhgpvu3k2h,bafyreiejkwesi6vhw32nzixfd4p4ohnpjnywdpw7finvf5tj32ravc4tdy,did:plc:ar7c4by46qjdydhdevvrndac,nudity,,at://did:plc:l7z6uiyijext657436ypfofe/app.bsky.feed.post/3mfrhgpvu3k2h,2026-02-26T14:58:12.584Z
965ae8e86a4a437f98b2037e007f99de,2026-02-26T16:00:00Z,2026-02-26T16:15:45Z,auth,auth_enUS_labelerexp,at://did:plc:l7z6uiyijext657436ypfofe/app.bsky.feed.post/3mfrhgpvu3k2h,bafyreiejkwesi6vhw32nzixfd4p4ohnpjnywdpw7finvf5tj32ravc4tdy,did:plc:ar7c4by46qjdydhdevvrndac,sexual,,at://did:plc:l7z6uiyijext657436ypfofe/app.bsky.actor.profile/self,2024-04-12T15:38:59.786Z
965ae8e86a4a437f98b2037e007f99de,2026-02-26T16:00:00Z,2026-02-26T16:15:45Z,auth,auth_enUS_labelerexp,at://did:plc:l7z6uiyijext657436ypfofe/app.bsky.feed.post/3mfrhgpvu3k2h,bafyreiejkwesi6vhw32nzixfd4p4ohnpjnywdpw7finvf5tj32ravc4tdy,did:plc:ar7c4by46qjdydhdevvrndac,nudity,,at://did:plc:l7z6uiyijext657436ypfofe/app.bsky.actor.profile/self,2024-11-18T22:21:38.359Z
965ae8e86a4a437f98b2037e007f99de,2026-02-26T16:00:00Z,2026-02-26T16:15:45Z,auth,auth_enUS_labelerexp,at://did:plc:ywja3hgl4zrce3dcocr4nagc/app.bsky.feed.post/3mfrgh7hvg22x,bafyreig3i4aimb6z5lydmgkgp3s7257cmn574gdmiae544o2vjgiaytq3u,did:plc:ar7c4by46qjdydhdevvrndac,porn,,at://did:plc:ywja3hgl4zrce3dcocr4nagc/app.bsky.feed.post/3mfrgh7hvg22x,2026-02-26T14:40:35.213Z
965ae8e86a4a437f98b2037e007f99de,2026-02-26T16:00:00Z,2026-02-26T16:15:45Z,auth,auth_enUS_labelerexp,at://did:plc:ywja3hgl4zrce3dcocr4nagc/app.bsky.feed.post/3mfrgh7hvg22x,bafyreig3i4aimb6z5lydmgkgp3s7257cmn574gdmiae544o2vjgiaytq3u,did:plc:ywja3hgl4zrce3dcocr4nagc,porn,,at://did:plc:ywja3hgl4zrce3dcocr4nagc/app.bsky.feed.post/3mfrgh7hvg22x,2026-02-26T14:40:33.135Z
965ae8e86a4a437f98b2037e007f99de,2026-02-26T16:00:00Z,2026-02-26T16:15:45Z,auth,auth_enUS_labelerexp,at://did:plc:ywja3hgl4zrce3dcocr4nagc/app.bsky.feed.post/3mfrgh7hvg22x,bafyreig3i4aimb6z5lydmgkgp3s7257cmn574gdmiae544o2vjgiaytq3u,did:plc:ywja3hgl4zrce3dcocr4nagc,!no-unauthenticated,,at://did:plc:ywja3hgl4zrce3dcocr4nagc/app.bsky.actor.profile/self,2024-02-08T23:26:37.797Z
965ae8e86a4a437f98b2037e007f99de,2026-02-26T16:00:00Z,2026-02-26T16:15:45Z,auth,auth_enUS_labelerexp,at://did:plc:7pirvy4egeh3itzgzft3zbcb/app.bsky.feed.post/3mfrfw5suic24,bafyreidcjgl7fsfehadgfiuktfbuvm6s36bnxxttnxgfpkyiez6inuqxmu,did:plc:7pirvy4egeh3itzgzft3zbcb,sexual,,at://did:plc:7pirvy4egeh3itzgzft3zbcb/app.bsky.feed.post/3mfrfw5suic24,2026-02-26T14:31:00.963Z
965ae8e86a4a437f98b2037e007f99de,2026-02-26T16:00:00Z,2026-02-26T16:15:45Z,auth,auth_enUS_labelerexp,at://did:plc:qyawf7hi463sndsld575fhio/app.bsky.feed.post/3mfrftdb7us23,bafyreidnkd7c4mw6qysbbkn2twanv3qstmk2ar2s7hadfbuyxgrhxazhb4,did:plc:qyawf7hi463sndsld575fhio,!no-unauthenticated,,at://did:plc:qyawf7hi463sndsld575fhio/app.bsky.actor.profile/self,2026-02-13T07:22:25.194Z
965ae8e86a4a437f98b2037e007f99de,2026-02-26T16:00:00Z,2026-02-26T16:15:45Z,auth,auth_enUS_labelerexp,at://did:plc:wqyghceobakqivcpwf7hojte/app.bsky.feed.post/3mfrca656k22t,bafyreiggrysi2sunipm7xvsfgqxzqlt3rkvhph25nqefmbvn4yxpdzmsfi,did:plc:ar7c4by46qjdydhdevvrndac,porn,,at://did:plc:wqyghceobakqivcpwf7hojte/app.bsky.feed.post/3mfrca656k22t,2026-02-26T13:25:12.846Z
965ae8e86a4a437f98b2037e007f99de,2026-02-26T16:00:00Z,2026-02-26T16:15:45Z,auth,auth_enUS_labelerexp,at://did:plc:wqyghceobakqivcpwf7hojte/app.bsky.feed.post/3mfrca656k22t,bafyreiggrysi2sunipm7xvsfgqxzqlt3rkvhph25nqefmbvn4yxpdzmsfi,did:plc:wqyghceobakqivcpwf7hojte,nudity,,at://did:plc:wqyghceobakqivcpwf7hojte/app.bsky.feed.post/3mfrca656k22t,2026-02-26T13:25:01.875Z
965ae8e86a4a437f98b2037e007f99de,2026-02-26T16:00:00Z,2026-02-26T16:15:45Z,auth,auth_enUS_labelerexp,at://did:plc:vmapg4cdx4ctngrde5lwyx2z/app.bsky.feed.post/3mfrbksxxww2h,bafyreiggugscwl622qk7o7qo7wlvnh3h4ghfu3d3u5hegjbijmyo5k4zce,did:plc:ar7c4by46qjdydhdevvrndac,needs-review,,did:plc:vmapg4cdx4ctngrde5lwyx2z,2026-02-26T08:37:02.533Z
965ae8e86a4a437f98b2037e007f99de,2026-02-26T16:00:00Z,2026-02-26T16:15:45Z,auth,auth_enUS_labelerexp,at://did:plc:qiti6ihkk55e5gj3n7utrc2a/app.bsky.feed.post/3mfrawnb6xk2o,bafyreiemj6hhhevo6huz23si55y5qzirp7kzx6tyyvgzjkvnoyjx5r5ho4,did:plc:qiti6ihkk55e5gj3n7utrc2a,porn,,at://did:plc:qiti6ihkk55e5gj3n7utrc2a/app.bsky.feed.post/3mfrawnb6xk2o,2026-02-26T13:01:48.460Z
965ae8e86a4a437f98b2037e007f99de,2026-02-26T16:00:00Z,2026-02-26T16:15:45Z,auth,auth_enUS_labelerexp,at://did:plc:qiti6ihkk55e5gj3n7utrc2a/app.bsky.feed.post/3mfrawnb6xk2o,bafyreiemj6hhhevo6huz23si55y5qzirp7kzx6tyyvgzjkvnoyjx5r5ho4,did:plc:uac6er53o2pvr5y2qmvaf7hw,x-link,,at://did:plc:qiti6ihkk55e5gj3n7utrc2a/app.bsky.actor.profile/self,2025-12-02T18:40:58.441Z
965ae8e86a4a437f98b2037e007f99de,2026-02-26T16:00:00Z,2026-02-26T16:15:45Z,auth,auth_enUS_labelerexp,at://did:plc:qiti6ihkk55e5gj3n7utrc2a/app.bsky.feed.post/3mfravtwwas2o,bafyreifelunsjzpptl246wzrzwb3zigweanzezynvrgdiyzv7pq2sjntoy,did:plc:uac6er53o2pvr5y2qmvaf7hw,high-total-facet-count,,at://did:plc:qiti6ihkk55e5gj3n7utrc2a/app.bsky.feed.post/3mfravtwwas2o,2026-02-26T13:01:26.846Z
965ae8e86a4a437f98b2037e007f99de,2026-02-26T16:00:00Z,2026-02-26T16:15:45Z,auth,auth_enUS_labelerexp,at://did:plc:qiti6ihkk55e5gj3n7utrc2a/app.bsky.feed.post/3mfravtwwas2o,bafyreifelunsjzpptl246wzrzwb3zigweanzezynvrgdiyzv7pq2sjntoy,did:plc:qiti6ihkk55e5gj3n7utrc2a,porn,,at://did:plc:qiti6ihkk55e5gj3n7utrc2a/app.bsky.feed.post/3mfravtwwas2o,2026-02-26T13:01:21.909Z
965ae8e86a4a437f98b2037e007f99de,2026-02-26T16:00:00Z,2026-02-26T16:15:45Z,auth,auth_enUS_labelerexp,at://did:plc:qiti6ihkk55e5gj3n7utrc2a/app.bsky.feed.post/3mfravtwwas2o,bafyreifelunsjzpptl246wzrzwb3zigweanzezynvrgdiyzv7pq2sjntoy,did:plc:uac6er53o2pvr5y2qmvaf7hw,x-link,,at://did:plc:qiti6ihkk55e5gj3n7utrc2a/app.bsky.actor.profile/self,2025-12-02T18:40:58.441Z
965ae8e86a4a437f98b2037e007f99de,2026-02-26T16:00:00Z,2026-02-26T16:15:45Z,auth,auth_enUS_labelerexp,at://did:plc:k2whrotnil5ywcfx4y3abjob/app.bsky.feed.post/3mfras2ek2s24,bafyreiengs7etetqg64cl36ja4iwfofaaehvuytrvibrsjvxplfcoesete,did:plc:ar7c4by46qjdydhdevvrndac,porn,,at://did:plc:k2whrotnil5ywcfx4y3abjob/app.bsky.feed.post/3mfras2ek2s24,2026-02-26T12:59:16.608Z
965ae8e86a4a437f98b2037e007f99de,2026-02-26T16:00:00Z,2026-02-26T16:15:45Z,auth,auth_enUS_labelerexp,at://did:plc:qwmiudq7svopdrugi4nmfj2x/app.bsky.feed.post/3mfrar3mlqc2h,bafyreihfbcvyf5nvh4zgzil5oaefxblubcsyxj7bheoyltsfe7s7fpegum,did:plc:ar7c4by46qjdydhdevvrndac,porn,,at://did:plc:qwmiudq7svopdrugi4nmfj2x/app.bsky.feed.post/3mfrar3mlqc2h,2026-02-26T12:58:43.897Z
965ae8e86a4a437f98b2037e007f99de,2026-02-26T16:00:00Z,2026-02-26T16:15:45Z,auth,auth_enUS_labelerexp,at://did:plc:qwmiudq7svopdrugi4nmfj2x/app.bsky.feed.post/3mfrar3mlqc2h,bafyreihfbcvyf5nvh4zgzil5oaefxblubcsyxj7bheoyltsfe7s7fpegum,did:plc:qwmiudq7svopdrugi4nmfj2x,porn,,at://did:plc:qwmiudq7svopdrugi4nmfj2x/app.bsky.feed.post/3mfrar3mlqc2h,2026-02-26T12:58:42.190Z
965ae8e86a4a437f98b2037e007f99de,2026-02-26T16:00:00Z,2026-02-26T16:15:45Z,auth,auth_enUS_labelerexp,at://did:plc:qwmiudq7svopdrugi4nmfj2x/app.bsky.feed.post/3mfrar3mlqc2h,bafyreihfbcvyf5nvh4zgzil5oaefxblubcsyxj7bheoyltsfe7s7fpegum,did:plc:ar7c4by46qjdydhdevvrndac,sexual,,at://did:plc:qwmiudq7svopdrugi4nmfj2x/app.bsky.actor.profile/self,2025-08-06T03:46:06.978Z
965ae8e86a4a437f98b2037e007f99de,2026-02-26T16:00:00Z,2026-02-26T16:15:45Z,auth,auth_enUS_labelerexp,at://did:plc:qiti6ihkk55e5gj3n7utrc2a/app.bsky.feed.post/3mframj6ins2o,bafyreifu3cpeld7fktpb7zyu37um42cctcditqnfwntdhiz5p3fjyjtxwq,did:plc:ar7c4by46qjdydhdevvrndac,sexual,,at://did:plc:qiti6ihkk55e5gj3n7utrc2a/app.bsky.feed.post/3mframj6ins2o,2026-02-26T12:56:16.341Z
965ae8e86a4a437f98b2037e007f99de,2026-02-26T16:00:00Z,2026-02-26T16:15:45Z,auth,auth_enUS_labelerexp,at://did:plc:qiti6ihkk55e5gj3n7utrc2a/app.bsky.feed.post/3mframj6ins2o,bafyreifu3cpeld7fktpb7zyu37um42cctcditqnfwntdhiz5p3fjyjtxwq,did:plc:qiti6ihkk55e5gj3n7utrc2a,porn,,at://did:plc:qiti6ihkk55e5gj3n7utrc2a/app.bsky.feed.post/3mframj6ins2o,2026-02-26T12:56:08.633Z
965ae8e86a4a437f98b2037e007f99de,2026-02-26T16:00:00Z,2026-02-26T16:15:45Z,auth,auth_enUS_labelerexp,at://did:plc:qiti6ihkk55e5gj3n7utrc2a/app.bsky.feed.post/3mframj6ins2o,bafyreifu3cpeld7fktpb7zyu37um42cctcditqnfwntdhiz5p3fjyjtxwq,did:plc:uac6er53o2pvr5y2qmvaf7hw,x-link,,at://did:plc:qiti6ihkk55e5gj3n7utrc2a/app.bsky.actor.profile/self,2025-12-02T18:40:58.441Z
965ae8e86a4a437f98b2037e007f99de,2026-02-26T16:00:00Z,2026-02-26T16:15:45Z,auth,auth_enUS_labelerexp,at://did:plc:skvr3z2drulysxcjyfxgxoi7/app.bsky.feed.post/3mfra5o6ibc2k,bafyreihyd3ccolx4prjj3u4j5d6pvnrix7tkmvft3dlv66r2yfdcr4lrma,did:plc:skvr3z2drulysxcjyfxgxoi7,!no-unauthenticated,,at://did:plc:skvr3z2drulysxcjyfxgxoi7/app.bsky.actor.profile/self,2024-11-20T00:07:33.526Z
965ae8e86a4a437f98b2037e007f99de,2026-02-26T16:00:00Z,2026-02-26T16:15:45Z,auth,auth_enUS_labelerexp,at://did:plc:6x3xasjqmqim5zr326m3jlxj/app.bsky.feed.post/3mfr7fhdfv22u,bafyreif5jueshqojegltpduzy3bj6wd2s562uioilvjygd3agwlgmnzt6y,did:plc:uac6er53o2pvr5y2qmvaf7hw,high-hashtag-count,,at://did:plc:6x3xasjqmqim5zr326m3jlxj/app.bsky.feed.post/3mfr7fhdfv22u,2026-02-26T12:34:27.706Z
965ae8e86a4a437f98b2037e007f99de,2026-02-26T16:00:00Z,2026-02-26T16:15:45Z,auth,auth_enUS_labelerexp,at://did:plc:6x3xasjqmqim5zr326m3jlxj/app.bsky.feed.post/3mfr7fhdfv22u,bafyreif5jueshqojegltpduzy3bj6wd2s562uioilvjygd3agwlgmnzt6y,did:plc:uac6er53o2pvr5y2qmvaf7hw,high-total-facet-count,,at://did:plc:6x3xasjqmqim5zr326m3jlxj/app.bsky.feed.post/3mfr7fhdfv22u,2026-02-26T12:34:28.256Z
965ae8e86a4a437f98b2037e007f99de,2026-02-26T16:00:00Z,2026-02-26T16:15:45Z,auth,auth_enUS_labelerexp,at://did:plc:6x3xasjqmqim5zr326m3jlxj/app.bsky.feed.post/3mfr7fhdfv22u,bafyreif5jueshqojegltpduzy3bj6wd2s562uioilvjygd3agwlgmnzt6y,did:plc:ar7c4by46qjdydhdevvrndac,porn,,at://did:plc:6x3xasjqmqim5zr326m3jlxj/app.bsky.feed.post/3mfr7fhdfv22u,2026-02-26T12:34:19.575Z
965ae8e86a4a437f98b2037e007f99de,2026-02-26T16:00:00Z,2026-02-26T16:15:45Z,auth,auth_enUS_labelerexp,at://did:plc:6x3xasjqmqim5zr326m3jlxj/app.bsky.feed.post/3mfr7fhdfv22u,bafyreif5jueshqojegltpduzy3bj6wd2s562uioilvjygd3agwlgmnzt6y,did:plc:ar7c4by46qjdydhdevvrndac,porn,,at://did:plc:6x3xasjqmqim5zr326m3jlxj/app.bsky.actor.profile/self,2025-12-27T15:36:50.026Z
965ae8e86a4a437f98b2037e007f99de,2026-02-26T16:00:00Z,2026-02-26T16:15:45Z,auth,auth_enUS_labelerexp,at://did:plc:t4mslayy3opkct6ry35lcwbt/app.bsky.feed.post/3mfr6gbk2ms2i,bafyreidfrqcfj3cmf3xhzgrlkv26u27gbzbuzbvquruhai4nsqg2pfq24m,did:plc:t4mslayy3opkct6ry35lcwbt,sexual,,at://did:plc:t4mslayy3opkct6ry35lcwbt/app.bsky.feed.post/3mfr6gbk2ms2i,2026-02-26T12:16:51.813Z
965ae8e86a4a437f98b2037e007f99de,2026-02-26T16:00:00Z,2026-02-26T16:15:45Z,auth,auth_enUS_labelerexp,at://did:plc:t4mslayy3opkct6ry35lcwbt/app.bsky.feed.post/3mfr6gbk2ms2i,bafyreidfrqcfj3cmf3xhzgrlkv26u27gbzbuzbvquruhai4nsqg2pfq24m,did:plc:t4mslayy3opkct6ry35lcwbt,!no-unauthenticated,,at://did:plc:t4mslayy3opkct6ry35lcwbt/app.bsky.actor.profile/self,2024-09-09T16:03:53.009Z
965ae8e86a4a437f98b2037e007f99de,2026-02-26T16:00:00Z,2026-02-26T16:15:45Z,auth,auth_enUS_labelerexp,at://did:plc:j4pzx2ixwykz6xemebst5ujd/app.bsky.feed.post/3mfr3gyhpnk27,bafyreih4d24zqfdcjaqpyxsvplvfvn4tqfsxsxxfmntgcfefw5yz7ncc2a,did:plc:ar7c4by46qjdydhdevvrndac,porn,,at://did:plc:j4pzx2ixwykz6xemebst5ujd/app.bsky.feed.post/3mfr3gyhpnk27,2026-02-26T11:23:36.157Z
965ae8e86a4a437f98b2037e007f99de,2026-02-26T16:00:00Z,2026-02-26T16:15:45Z,auth,auth_enUS_labelerexp,at://did:plc:j4pzx2ixwykz6xemebst5ujd/app.bsky.feed.post/3mfr3gyhpnk27,bafyreih4d24zqfdcjaqpyxsvplvfvn4tqfsxsxxfmntgcfefw5yz7ncc2a,did:plc:uac6er53o2pvr5y2qmvaf7hw,telegram-link,,at://did:plc:j4pzx2ixwykz6xemebst5ujd/app.bsky.actor.profile/self,2026-02-16T13:41:17.750Z
965ae8e86a4a437f98b2037e007f99de,2026-02-26T16:00:00Z,2026-02-26T16:15:45Z,auth,auth_enUS_labelerexp,at://did:plc:j4pzx2ixwykz6xemebst5ujd/app.bsky.feed.post/3mfr3gyhpnk27,bafyreih4d24zqfdcjaqpyxsvplvfvn4tqfsxsxxfmntgcfefw5yz7ncc2a,did:plc:ar7c4by46qjdydhdevvrndac,porn,,at://did:plc:j4pzx2ixwykz6xemebst5ujd/app.bsky.actor.profile/self,2025-12-31T07:56:55.366Z
965ae8e86a4a437f98b2037e007f99de,2026-02-26T16:00:00Z,2026-02-26T16:15:45Z,auth,auth_enUS_labelerexp,at://did:plc:j4pzx2ixwykz6xemebst5ujd/app.bsky.feed.post/3mfr3gyhpnk27,bafyreih4d24zqfdcjaqpyxsvplvfvn4tqfsxsxxfmntgcfefw5yz7ncc2a,did:plc:ar7c4by46qjdydhdevvrndac,sexual,,at://did:plc:j4pzx2ixwykz6xemebst5ujd/app.bsky.actor.profile/self,2025-12-09T15:47:20.068Z
965ae8e86a4a437f98b2037e007f99de,2026-02-26T16:00:00Z,2026-02-26T16:15:45Z,auth,auth_enUS_labelerexp,at://did:plc:c32cq3nfgavklsp444cyanwl/app.bsky.feed.post/3mfr3eny77x2e,bafyreidxipk4xr43dwxmooyv6nciazn2m3dmv6ie44masb6kjzrwizheei,did:plc:ar7c4by46qjdydhdevvrndac,sexual,,at://did:plc:c32cq3nfgavklsp444cyanwl/app.bsky.feed.post/3mfr3eny77x2e,2026-02-26T11:22:17.955Z
965ae8e86a4a437f98b2037e007f99de,2026-02-26T16:00:00Z,2026-02-26T16:15:45Z,auth,auth_enUS_labelerexp,at://did:plc:c32cq3nfgavklsp444cyanwl/app.bsky.feed.post/3mfr3eny77x2e,bafyreidxipk4xr43dwxmooyv6nciazn2m3dmv6ie44masb6kjzrwizheei,did:plc:ar7c4by46qjdydhdevvrndac,porn,,at://did:plc:c32cq3nfgavklsp444cyanwl/app.bsky.actor.profile/self,2026-01-13T07:22:58.920Z
965ae8e86a4a437f98b2037e007f99de,2026-02-26T16:00:00Z,2026-02-26T16:15:45Z,auth,auth_enUS_labelerexp,at://did:plc:r5l354ahi4j565yb77nt3y26/app.bsky.feed.post/3mfr2wy3jpu2j,bafyreihanuwjz6fwjkmuuwfuavdskprcappmt2pvaollefxojazqtdevha,did:plc:ar7c4by46qjdydhdevvrndac,porn,,at://did:plc:r5l354ahi4j565yb77nt3y26/app.bsky.feed.post/3mfr2wy3jpu2j,2026-02-26T11:14:38.976Z
965ae8e86a4a437f98b2037e007f99de,2026-02-26T16:00:00Z,2026-02-26T16:15:45Z,auth,auth_enUS_labelerexp,at://did:plc:r5l354ahi4j565yb77nt3y26/app.bsky.feed.post/3mfr2wy3jpu2j,bafyreihanuwjz6fwjkmuuwfuavdskprcappmt2pvaollefxojazqtdevha,did:plc:ar7c4by46qjdydhdevvrndac,porn,,at://did:plc:r5l354ahi4j565yb77nt3y26/app.bsky.actor.profile/self,2025-06-14T15:36:44.463Z
965ae8e86a4a437f98b2037e007f99de,2026-02-26T16:00:00Z,2026-02-26T16:15:45Z,auth,auth_enUS_labelerexp,at://did:plc:mcb6n67plnrlx4lg35natk2b/app.bsky.feed.post/3mfqzlu7kfb2x,bafyreidlajp5fgd5gp2v6spmv7yfmpmnymd77tret3rbmpirakaxqbjvce,did:plc:uac6er53o2pvr5y2qmvaf7hw,high-offsite-link-count,,at://did:plc:mcb6n67plnrlx4lg35natk2b/app.bsky.feed.post/3mfqzlu7kfb2x,2026-02-26T10:50:32.155Z
965ae8e86a4a437f98b2037e007f99de,2026-02-26T16:00:00Z,2026-02-26T16:15:45Z,auth,auth_enUS_labelerexp,at://did:plc:mcb6n67plnrlx4lg35natk2b/app.bsky.feed.post/3mfqzlu7kfb2x,bafyreidlajp5fgd5gp2v6spmv7yfmpmnymd77tret3rbmpirakaxqbjvce,did:plc:uac6er53o2pvr5y2qmvaf7hw,engagementfarmer,,did:plc:mcb6n67plnrlx4lg35natk2b,2024-12-10T14:25:58.920Z
965ae8e86a4a437f98b2037e007f99de,2026-02-26T16:00:00Z,2026-02-26T16:15:45Z,auth,auth_enUS_labelerexp,at://did:plc:mcb6n67plnrlx4lg35natk2b/app.bsky.feed.post/3mfqzlu7kfb2x,bafyreidlajp5fgd5gp2v6spmv7yfmpmnymd77tret3rbmpirakaxqbjvce,did:plc:uac6er53o2pvr5y2qmvaf7hw,high-offsite-link-count,,did:plc:mcb6n67plnrlx4lg35natk2b,2025-04-18T13:00:27.234Z
965ae8e86a4a437f98b2037e007f99de,2026-02-26T16:00:00Z,2026-02-26T16:15:45Z,auth,auth_enUS_labelerexp,at://did:plc:mcb6n67plnrlx4lg35natk2b/app.bsky.feed.post/3mfqzlu7kfb2x,bafyreidlajp5fgd5gp2v6spmv7yfmpmnymd77tret3rbmpirakaxqbjvce,did:plc:uac6er53o2pvr5y2qmvaf7hw,repetitive,,did:plc:mcb6n67plnrlx4lg35natk2b,2024-12-10T14:25:58.920Z
965ae8e86a4a437f98b2037e007f99de,2026-02-26T16:00:00Z,2026-02-26T16:15:45Z,auth,auth_enUS_labelerexp,at://did:plc:nr4su5f4jncsjz5p7onprxsq/app.bsky.feed.post/3mfqzcvq7f52w,bafyreicfia7vlanr52lfhse4kcfwhreqaayhxd26mrvjyuetiyijznzffa,did:plc:ar7c4by46qjdydhdevvrndac,porn,,at://did:plc:nr4su5f4jncsjz5p7onprxsq/app.bsky.feed.post/3mfqzcvq7f52w,2026-02-26T10:45:31.675Z
965ae8e86a4a437f98b2037e007f99de,2026-02-26T16:00:00Z,2026-02-26T16:15:45Z,auth,auth_enUS_labelerexp,at://did:plc:nr4su5f4jncsjz5p7onprxsq/app.bsky.feed.post/3mfqzcvq7f52w,bafyreicfia7vlanr52lfhse4kcfwhreqaayhxd26mrvjyuetiyijznzffa,did:plc:ar7c4by46qjdydhdevvrndac,porn,,at://did:plc:nr4su5f4jncsjz5p7onprxsq/app.bsky.actor.profile/self,2025-12-28T12:57:27.668Z
965ae8e86a4a437f98b2037e007f99de,2026-02-26T16:00:00Z,2026-02-26T16:15:45Z,auth,auth_enUS_labelerexp,at://did:plc:z6wmgp6pzov2fvdeyvhn5gjv/app.bsky.feed.post/3mfqz3ovsbd2h,bafyreihxfwjysbrdseapyvbu55moxh5ms6ey2gy732jhtyupz62ssoylua,did:plc:ar7c4by46qjdydhdevvrndac,porn,,at://did:plc:z6wmgp6pzov2fvdeyvhn5gjv/app.bsky.feed.post/3mfqz3ovsbd2h,2026-02-26T10:41:29.903Z
965ae8e86a4a437f98b2037e007f99de,2026-02-26T16:00:00Z,2026-02-26T16:15:45Z,auth,auth_enUS_labelerexp,at://did:plc:z6wmgp6pzov2fvdeyvhn5gjv/app.bsky.feed.post/3mfqz3ovsbd2h,bafyreihxfwjysbrdseapyvbu55moxh5ms6ey2gy732jhtyupz62ssoylua,did:plc:ar7c4by46qjdydhdevvrndac,porn,,at://did:plc:z6wmgp6pzov2fvdeyvhn5gjv/app.bsky.actor.profile/self,2025-12-13T04:33:53.786Z
965ae8e86a4a437f98b2037e007f99de,2026-02-26T16:00:00Z,2026-02-26T16:15:45Z,auth,auth_enUS_labelerexp,at://did:plc:nr4su5f4jncsjz5p7onprxsq/app.bsky.feed.post/3mfqxnfogj22s,bafyreiepv7yk7s2l6yde5oegpzqxix6kp3gclptn7mhumf42b4mvr5rymm,did:plc:ar7c4by46qjdydhdevvrndac,porn,,at://did:plc:nr4su5f4jncsjz5p7onprxsq/app.bsky.feed.post/3mfqxnfogj22s,2026-02-26T10:15:36.027Z
965ae8e86a4a437f98b2037e007f99de,2026-02-26T16:00:00Z,2026-02-26T16:15:45Z,auth,auth_enUS_labelerexp,at://did:plc:nr4su5f4jncsjz5p7onprxsq/app.bsky.feed.post/3mfqxnfogj22s,bafyreiepv7yk7s2l6yde5oegpzqxix6kp3gclptn7mhumf42b4mvr5rymm,did:plc:ar7c4by46qjdydhdevvrndac,porn,,at://did:plc:nr4su5f4jncsjz5p7onprxsq/app.bsky.actor.profile/self,2025-12-28T12:57:27.668Z
965ae8e86a4a437f98b2037e007f99de,2026-02-26T16:00:00Z,2026-02-26T16:15:45Z,auth,auth_enUS_labelerexp,at://did:plc:3hwdcko2xqgrj2sromkhwyvk/app.bsky.feed.post/3mfqx72dy3u2w,bafyreick3eoit325gsbeiftopz5qcfaqxaiv2d6gdfdq2pifdv5abyrw5e,did:plc:ar7c4by46qjdydhdevvrndac,porn,,at://did:plc:3hwdcko2xqgrj2sromkhwyvk/app.bsky.feed.post/3mfqx72dy3u2w,2026-02-26T10:07:34.678Z
965ae8e86a4a437f98b2037e007f99de,2026-02-26T16:00:00Z,2026-02-26T16:15:45Z,auth,auth_enUS_labelerexp,at://did:plc:3hwdcko2xqgrj2sromkhwyvk/app.bsky.feed.post/3mfqx72dy3u2w,bafyreick3eoit325gsbeiftopz5qcfaqxaiv2d6gdfdq2pifdv5abyrw5e,did:plc:ar7c4by46qjdydhdevvrndac,porn,,at://did:plc:3hwdcko2xqgrj2sromkhwyvk/app.bsky.actor.profile/self,2025-08-28T20:39:36.889Z
965ae8e86a4a437f98b2037e007f99de,2026-02-26T16:00:00Z,2026-02-26T16:15:45Z,auth,auth_enUS_labelerexp,at://did:plc:edqprsxm63q3k745r7txilh5/app.bsky.feed.post/3mfqw35z3q22p,bafyreifda4luax73ys5b2gx3mcp6fnhhgrjpeqqa32yesupoo2aay5n3fq,did:plc:ar7c4by46qjdydhdevvrndac,porn,,at://did:plc:edqprsxm63q3k745r7txilh5/app.bsky.feed.post/3mfqw35z3q22p,2026-02-26T09:47:31.489Z
965ae8e86a4a437f98b2037e007f99de,2026-02-26T16:00:00Z,2026-02-26T16:15:45Z,auth,auth_enUS_labelerexp,at://did:plc:edqprsxm63q3k745r7txilh5/app.bsky.feed.post/3mfqw35z3q22p,bafyreifda4luax73ys5b2gx3mcp6fnhhgrjpeqqa32yesupoo2aay5n3fq,did:plc:edqprsxm63q3k745r7txilh5,porn,,at://did:plc:edqprsxm63q3k745r7txilh5/app.bsky.feed.post/3mfqw35z3q22p,2026-02-26T09:47:29.079Z
965ae8e86a4a437f98b2037e007f99de,2026-02-26T16:00:00Z,2026-02-26T16:15:45Z,auth,auth_enUS_labelerexp,at://did:plc:edqprsxm63q3k745r7txilh5/app.bsky.feed.post/3mfqvzx6ssc2p,bafyreif2alhxn5h3xmhwig36qip5fkubhv3pplvqw4fagsqpq5abff54oy,did:plc:edqprsxm63q3k745r7txilh5,porn,,at://did:plc:edqprsxm63q3k745r7txilh5/app.bsky.feed.post/3mfqvzx6ssc2p,2026-02-26T09:46:48.373Z
965ae8e86a4a437f98b2037e007f99de,2026-02-26T16:00:00Z,2026-02-26T16:15:45Z,auth,auth_enUS_labelerexp,at://did:plc:edqprsxm63q3k745r7txilh5/app.bsky.feed.post/3mfqvxxug322p,bafyreie3x6ff7tn2cl26ovuewv5ta2g6yv3fjhcthsf45vcgpfvsnletm4,did:plc:ar7c4by46qjdydhdevvrndac,porn,,at://did:plc:edqprsxm63q3k745r7txilh5/app.bsky.feed.post/3mfqvxxug322p,2026-02-26T09:45:43.748Z
965ae8e86a4a437f98b2037e007f99de,2026-02-26T16:00:00Z,2026-02-26T16:15:45Z,auth,auth_enUS_labelerexp,at://did:plc:edqprsxm63q3k745r7txilh5/app.bsky.feed.post/3mfqvxxug322p,bafyreie3x6ff7tn2cl26ovuewv5ta2g6yv3fjhcthsf45vcgpfvsnletm4,did:plc:edqprsxm63q3k745r7txilh5,porn,,at://did:plc:edqprsxm63q3k745r7txilh5/app.bsky.feed.post/3mfqvxxug322p,2026-02-26T09:45:41.971Z
965ae8e86a4a437f98b2037e007f99de,2026-02-26T16:00:00Z,2026-02-26T16:15:45Z,auth,auth_enUS_labelerexp,at://did:plc:mcb6n67plnrlx4lg35natk2b/app.bsky.feed.post/3mfqukvl6by2k,bafyreieboiq3cs2n4odds2rcqpkmnqzornyl5uzhndpbmpg7sacjaqjixe,did:plc:uac6er53o2pvr5y2qmvaf7hw,high-offsite-link-count,,at://did:plc:mcb6n67plnrlx4lg35natk2b/app.bsky.feed.post/3mfqukvl6by2k,2026-02-26T09:20:31.485Z
965ae8e86a4a437f98b2037e007f99de,2026-02-26T16:00:00Z,2026-02-26T16:15:45Z,auth,auth_enUS_labelerexp,at://did:plc:mcb6n67plnrlx4lg35natk2b/app.bsky.feed.post/3mfqukvl6by2k,bafyreieboiq3cs2n4odds2rcqpkmnqzornyl5uzhndpbmpg7sacjaqjixe,did:plc:uac6er53o2pvr5y2qmvaf7hw,engagementfarmer,,did:plc:mcb6n67plnrlx4lg35natk2b,2024-12-10T14:25:58.920Z
965ae8e86a4a437f98b2037e007f99de,2026-02-26T16:00:00Z,2026-02-26T16:15:45Z,auth,auth_enUS_labelerexp,at://did:plc:mcb6n67plnrlx4lg35natk2b/app.bsky.feed.post/3mfqukvl6by2k,bafyreieboiq3cs2n4odds2rcqpkmnqzornyl5uzhndpbmpg7sacjaqjixe,did:plc:uac6er53o2pvr5y2qmvaf7hw,high-offsite-link-count,,did:plc:mcb6n67plnrlx4lg35natk2b,2025-04-18T13:00:27.234Z
965ae8e86a4a437f98b2037e007f99de,2026-02-26T16:00:00Z,2026-02-26T16:15:45Z,auth,auth_enUS_labelerexp,at://did:plc:mcb6n67plnrlx4lg35natk2b/app.bsky.feed.post/3mfqukvl6by2k,bafyreieboiq3cs2n4odds2rcqpkmnqzornyl5uzhndpbmpg7sacjaqjixe,did:plc:uac6er53o2pvr5y2qmvaf7hw,repetitive,,did:plc:mcb6n67plnrlx4lg35natk2b,2024-12-10T14:25:58.920Z
965ae8e86a4a437f98b2037e007f99de,2026-02-26T16:00:00Z,2026-02-26T16:15:45Z,auth,auth_enUS_labelerexp,at://did:plc:nr4su5f4jncsjz5p7onprxsq/app.bsky.feed.post/3mfqucaljlj2w,bafyreiampyi4qaqymrgmimzngcmvqy45x6fy34q2gvydw43r4gvkso7ai4,did:plc:ar7c4by46qjdydhdevvrndac,porn,,at://did:plc:nr4su5f4jncsjz5p7onprxsq/app.bsky.feed.post/3mfqucaljlj2w,2026-02-26T09:15:40.829Z
965ae8e86a4a437f98b2037e007f99de,2026-02-26T16:00:00Z,2026-02-26T16:15:45Z,auth,auth_enUS_labelerexp,at://did:plc:nr4su5f4jncsjz5p7onprxsq/app.bsky.feed.post/3mfqucaljlj2w,bafyreiampyi4qaqymrgmimzngcmvqy45x6fy34q2gvydw43r4gvkso7ai4,did:plc:ar7c4by46qjdydhdevvrndac,porn,,at://did:plc:nr4su5f4jncsjz5p7onprxsq/app.bsky.actor.profile/self,2025-12-28T12:57:27.668Z
965ae8e86a4a437f98b2037e007f99de,2026-02-26T16:00:00Z,2026-02-26T16:15:45Z,auth,auth_enUS_labelerexp,at://did:plc:jlcflvygw7jnttso3bpisnc7/app.bsky.feed.post/3mfqubrxlpj2t,bafyreihogfeb6z5x3se3ieeoij22wbjj2v7z6kqnnyggj3b7oza2gtzsua,did:plc:ar7c4by46qjdydhdevvrndac,porn,,at://did:plc:jlcflvygw7jnttso3bpisnc7/app.bsky.feed.post/3mfqubrxlpj2t,2026-02-26T09:15:24.832Z
965ae8e86a4a437f98b2037e007f99de,2026-02-26T16:00:00Z,2026-02-26T16:15:45Z,auth,auth_enUS_labelerexp,at://did:plc:jlcflvygw7jnttso3bpisnc7/app.bsky.feed.post/3mfqubrxlpj2t,bafyreihogfeb6z5x3se3ieeoij22wbjj2v7z6kqnnyggj3b7oza2gtzsua,did:plc:ar7c4by46qjdydhdevvrndac,porn,,at://did:plc:jlcflvygw7jnttso3bpisnc7/app.bsky.actor.profile/self,2025-08-16T05:50:48.838Z
965ae8e86a4a437f98b2037e007f99de,2026-02-26T16:00:00Z,2026-02-26T16:15:45Z,auth,auth_enUS_labelerexp,at://did:plc:c32cq3nfgavklsp444cyanwl/app.bsky.feed.post/3mfqtklk2zw2p,bafyreibsyzj2vgb45ryi3hhzqxtuomidtra6ylz3dn466vu74nm7nzk2zq,did:plc:ar7c4by46qjdydhdevvrndac,porn,,at://did:plc:c32cq3nfgavklsp444cyanwl/app.bsky.feed.post/3mfqtklk2zw2p,2026-02-26T09:02:26.720Z
965ae8e86a4a437f98b2037e007f99de,2026-02-26T16:00:00Z,2026-02-26T16:15:45Z,auth,auth_enUS_labelerexp,at://did:plc:c32cq3nfgavklsp444cyanwl/app.bsky.feed.post/3mfqtklk2zw2p,bafyreibsyzj2vgb45ryi3hhzqxtuomidtra6ylz3dn466vu74nm7nzk2zq,did:plc:ar7c4by46qjdydhdevvrndac,porn,,at://did:plc:c32cq3nfgavklsp444cyanwl/app.bsky.actor.profile/self,2026-01-13T07:22:58.920Z
965ae8e86a4a437f98b2037e007f99de,2026-02-26T16:00:00Z,2026-02-26T16:15:45Z,auth,auth_enUS_labelerexp,at://did:plc:mcb6n67plnrlx4lg35natk2b/app.bsky.feed.post/3mfqsv7enkl2f,bafyreidpfhwk3g4ktngxbgfrtvfpip44yhd37by6beljprvzt4uzr5uzfu,did:plc:uac6er53o2pvr5y2qmvaf7hw,high-offsite-link-count,,at://did:plc:mcb6n67plnrlx4lg35natk2b/app.bsky.feed.post/3mfqsv7enkl2f,2026-02-26T08:50:29.694Z
965ae8e86a4a437f98b2037e007f99de,2026-02-26T16:00:00Z,2026-02-26T16:15:45Z,auth,auth_enUS_labelerexp,at://did:plc:mcb6n67plnrlx4lg35natk2b/app.bsky.feed.post/3mfqsv7enkl2f,bafyreidpfhwk3g4ktngxbgfrtvfpip44yhd37by6beljprvzt4uzr5uzfu,did:plc:uac6er53o2pvr5y2qmvaf7hw,engagementfarmer,,did:plc:mcb6n67plnrlx4lg35natk2b,2024-12-10T14:25:58.920Z
965ae8e86a4a437f98b2037e007f99de,2026-02-26T16:00:00Z,2026-02-26T16:15:45Z,auth,auth_enUS_labelerexp,at://did:plc:mcb6n67plnrlx4lg35natk2b/app.bsky.feed.post/3mfqsv7enkl2f,bafyreidpfhwk3g4ktngxbgfrtvfpip44yhd37by6beljprvzt4uzr5uzfu,did:plc:uac6er53o2pvr5y2qmvaf7hw,high-offsite-link-count,,did:plc:mcb6n67plnrlx4lg35natk2b,2025-04-18T13:00:27.234Z
965ae8e86a4a437f98b2037e007f99de,2026-02-26T16:00:00Z,2026-02-26T16:15:45Z,auth,auth_enUS_labelerexp,at://did:plc:mcb6n67plnrlx4lg35natk2b/app.bsky.feed.post/3mfqsv7enkl2f,bafyreidpfhwk3g4ktngxbgfrtvfpip44yhd37by6beljprvzt4uzr5uzfu,did:plc:uac6er53o2pvr5y2qmvaf7hw,repetitive,,did:plc:mcb6n67plnrlx4lg35natk2b,2024-12-10T14:25:58.920Z
965ae8e86a4a437f98b2037e007f99de,2026-02-26T16:00:00Z,2026-02-26T16:15:45Z,auth,auth_enUS_labelerexp,at://did:plc:nr4su5f4jncsjz5p7onprxsq/app.bsky.feed.post/3mfqsmvnoye2j,bafyreihog5wh2txmqel5ohhk45hyl43uj67zo5q67rvt4ztqb557r6ybpe,did:plc:ar7c4by46qjdydhdevvrndac,porn,,at://did:plc:nr4su5f4jncsjz5p7onprxsq/app.bsky.feed.post/3mfqsmvnoye2j,2026-02-26T08:45:51.053Z
965ae8e86a4a437f98b2037e007f99de,2026-02-26T16:00:00Z,2026-02-26T16:15:45Z,auth,auth_enUS_labelerexp,at://did:plc:nr4su5f4jncsjz5p7onprxsq/app.bsky.feed.post/3mfqsmvnoye2j,bafyreihog5wh2txmqel5ohhk45hyl43uj67zo5q67rvt4ztqb557r6ybpe,did:plc:ar7c4by46qjdydhdevvrndac,porn,,at://did:plc:nr4su5f4jncsjz5p7onprxsq/app.bsky.actor.profile/self,2025-12-28T12:57:27.668Z
965ae8e86a4a437f98b2037e007f99de,2026-02-26T16:00:00Z,2026-02-26T16:15:45Z,auth,auth_enUS_labelerexp,at://did:plc:r5l354ahi4j565yb77nt3y26/app.bsky.feed.post/3mfqskc2f222j,bafyreieomynik25mec3qvjplpzpnrw26xpka54dbgn57vcqsajnrmynqri,did:plc:ar7c4by46qjdydhdevvrndac,porn,,at://did:plc:r5l354ahi4j565yb77nt3y26/app.bsky.feed.post/3mfqskc2f222j,2026-02-26T08:44:22.898Z
965ae8e86a4a437f98b2037e007f99de,2026-02-26T16:00:00Z,2026-02-26T16:15:45Z,auth,auth_enUS_labelerexp,at://did:plc:r5l354ahi4j565yb77nt3y26/app.bsky.feed.post/3mfqskc2f222j,bafyreieomynik25mec3qvjplpzpnrw26xpka54dbgn57vcqsajnrmynqri,did:plc:ar7c4by46qjdydhdevvrndac,porn,,at://did:plc:r5l354ahi4j565yb77nt3y26/app.bsky.actor.profile/self,2025-06-14T15:36:44.463Z
965ae8e86a4a437f98b2037e007f99de,2026-02-26T16:00:00Z,2026-02-26T16:15:45Z,auth,auth_enUS_labelerexp,at://did:plc:edqprsxm63q3k745r7txilh5/app.bsky.feed.post/3mfqsgfe7p22f,bafyreidiy74ya5kr2k36z3ibqnuiox7dozv4aztdpuqjhi3f4crfenk6ee,did:plc:ar7c4by46qjdydhdevvrndac,porn,,at://did:plc:edqprsxm63q3k745r7txilh5/app.bsky.feed.post/3mfqsgfe7p22f,2026-02-26T08:42:13.473Z
965ae8e86a4a437f98b2037e007f99de,2026-02-26T16:00:00Z,2026-02-26T16:15:45Z,auth,auth_enUS_labelerexp,at://did:plc:edqprsxm63q3k745r7txilh5/app.bsky.feed.post/3mfqsgfe7p22f,bafyreidiy74ya5kr2k36z3ibqnuiox7dozv4aztdpuqjhi3f4crfenk6ee,did:plc:edqprsxm63q3k745r7txilh5,porn,,at://did:plc:edqprsxm63q3k745r7txilh5/app.bsky.feed.post/3mfqsgfe7p22f,2026-02-26T08:42:10.915Z
965ae8e86a4a437f98b2037e007f99de,2026-02-26T16:00:00Z,2026-02-26T16:15:45Z,auth,auth_enUS_labelerexp,at://did:plc:z6wmgp6pzov2fvdeyvhn5gjv/app.bsky.feed.post/3mfqsew5g7g2t,bafyreifuzendojtw6x4fuxhxbw5tfq4zwz2hqfu7gaksesigfxni2ok3si,did:plc:ar7c4by46qjdydhdevvrndac,porn,,at://did:plc:z6wmgp6pzov2fvdeyvhn5gjv/app.bsky.feed.post/3mfqsew5g7g2t,2026-02-26T08:41:23.963Z
965ae8e86a4a437f98b2037e007f99de,2026-02-26T16:00:00Z,2026-02-26T16:15:45Z,auth,auth_enUS_labelerexp,at://did:plc:z6wmgp6pzov2fvdeyvhn5gjv/app.bsky.feed.post/3mfqsew5g7g2t,bafyreifuzendojtw6x4fuxhxbw5tfq4zwz2hqfu7gaksesigfxni2ok3si,did:plc:ar7c4by46qjdydhdevvrndac,porn,,at://did:plc:z6wmgp6pzov2fvdeyvhn5gjv/app.bsky.actor.profile/self,2025-12-13T04:33:53.786Z
965ae8e86a4a437f98b2037e007f99de,2026-02-26T16:00:00Z,2026-02-26T16:15:45Z,auth,auth_enUS_labelerexp,at://did:plc:edqprsxm63q3k745r7txilh5/app.bsky.feed.post/3mfqscwcxls2f,bafyreick4j3rznowk5u6vrb5i7hg2jpbkuh56yo3qcqhx7igbldioq5fki,did:plc:edqprsxm63q3k745r7txilh5,porn,,at://did:plc:edqprsxm63q3k745r7txilh5/app.bsky.feed.post/3mfqscwcxls2f,2026-02-26T08:40:14.482Z
965ae8e86a4a437f98b2037e007f99de,2026-02-26T16:00:00Z,2026-02-26T16:15:46Z,auth,auth_enUS_labelerexp,at://did:plc:kssexgfjoqhscgsxaq2wbutr/app.bsky.feed.post/3mfpgo5gakc27,bafyreihwe6sjuqrkxxam53k25llumjy7ucjs4mxziv2ru7cxu63coke2oe,did:plc:kssexgfjoqhscgsxaq2wbutr,!no-unauthenticated,,at://did:plc:kssexgfjoqhscgsxaq2wbutr/app.bsky.actor.profile/self,2024-04-19T15:11:29.251Z
965ae8e86a4a437f98b2037e007f99de,2026-02-26T16:00:00Z,2026-02-26T16:15:46Z,auth,auth_enUS_labelerexp,at://did:plc:2ptqgg335yb5negavlhu6g6s/app.bsky.feed.post/3mfp5nhezl22u,bafyreiaxi6h4kqzykaskdz3rhurntolshb2r67eujewrkeqesb3afhj44m,did:plc:2ptqgg335yb5negavlhu6g6s,!no-unauthenticated,,at://did:plc:2ptqgg335yb5negavlhu6g6s/app.bsky.actor.profile/self,1970-01-01T00:00:00.000Z
965ae8e86a4a437f98b2037e007f99de,2026-02-26T16:00:00Z,2026-02-26T16:15:46Z,auth,auth_enUS_labelerexp,at://did:plc:lve6t3ylxfuqge7iqtacaq7t/app.bsky.feed.post/3mfmt2puhcc2v,bafyreich7zc3c5qbsr7sphluf5gi6by5ucsh2s7qr2vnbuh5dptyzekydm,did:plc:lve6t3ylxfuqge7iqtacaq7t,!no-unauthenticated,,at://did:plc:lve6t3ylxfuqge7iqtacaq7t/app.bsky.actor.profile/self,1970-01-01T00:00:00.000Z
965ae8e86a4a437f98b2037e007f99de,2026-02-26T16:00:00Z,2026-02-26T16:15:46Z,auth,auth_enUS_labelerexp,at://did:plc:kssexgfjoqhscgsxaq2wbutr/app.bsky.feed.post/3mfmpxvmcuc2f,bafyreifhxgddcq5vkt323ewxwqzmurvn6sfxspqz3oilbiiyucr6manqpy,did:plc:kssexgfjoqhscgsxaq2wbutr,!no-unauthenticated,,at://did:plc:kssexgfjoqhscgsxaq2wbutr/app.bsky.actor.profile/self,2024-04-19T15:11:29.251Z
965ae8e86a4a437f98b2037e007f99de,2026-02-26T16:00:00Z,2026-02-26T16:15:46Z,auth,auth_enUS_labelerexp,at://did:plc:kssexgfjoqhscgsxaq2wbutr/app.bsky.feed.post/3mfmlyfchj22f,bafyreidhvico7h7622bfuyrf6kazbqtti6kvsqpjhs6ridrao5dp6bva3a,did:plc:kssexgfjoqhscgsxaq2wbutr,!no-unauthenticated,,at://did:plc:kssexgfjoqhscgsxaq2wbutr/app.bsky.actor.profile/self,2024-04-19T15:11:29.251Z
965ae8e86a4a437f98b2037e007f99de,2026-02-26T16:00:00Z,2026-02-26T16:15:46Z,auth,auth_enUS_labelerexp,at://did:plc:5qli26hgfhayvez5ctyekw77/app.bsky.feed.post/3mfl4qpat6s2k,bafyreidt3gqhsbib3x2l2cffkgzbwky3rfukilpullglb6xbdxua2gwvgq,did:plc:5qli26hgfhayvez5ctyekw77,!no-unauthenticated,,at://did:plc:5qli26hgfhayvez5ctyekw77/app.bsky.actor.profile/self,1970-01-01T00:00:00.000Z
965ae8e86a4a437f98b2037e007f99de,2026-02-26T16:00:00Z,2026-02-26T16:15:47Z,auth,auth_enUS_labelerexp,at://did:plc:ld324bs3zekxrjiv5hcowoct/app.bsky.feed.post/3mfrivdh6xc25,bafyreib5ggyaldfbnltmhxan3qmmpf5nwhzt3p3b5zqn2yl4z3m7xqxauu,did:plc:uac6er53o2pvr5y2qmvaf7hw,x-link,,at://did:plc:ld324bs3zekxrjiv5hcowoct/app.bsky.actor.profile/self,2025-10-31T16:30:06.490Z
965ae8e86a4a437f98b2037e007f99de,2026-02-26T16:00:00Z,2026-02-26T16:15:47Z,auth,auth_enUS_labelerexp,at://did:plc:lzni36ui3s4ij7fbs5h653eo/app.bsky.feed.post/3mfrdqvsk5k2m,bafyreies7fokbudlb56ycqxtkhxb5wj7pinkfl2jfetrmkzg22rtyvehsy,did:plc:lzni36ui3s4ij7fbs5h653eo,!no-unauthenticated,,at://did:plc:lzni36ui3s4ij7fbs5h653eo/app.bsky.actor.profile/self,1970-01-01T00:00:00.000Z
965ae8e86a4a437f98b2037e007f99de,2026-02-26T16:00:00Z,2026-02-26T16:15:47Z,auth,auth_enUS_labelerexp,at://did:plc:wxbofbptrinc7zvtwaidt3ni/app.bsky.feed.post/3mfr7o5gifc2t,bafyreia6ynuvrznkw327vopxz5h4ambw4xxdfvlqasvdv5iyrj3saeeaxu,did:plc:wxbofbptrinc7zvtwaidt3ni,!no-unauthenticated,,at://did:plc:wxbofbptrinc7zvtwaidt3ni/app.bsky.actor.profile/self,2024-11-20T16:13:40.171Z
965ae8e86a4a437f98b2037e007f99de,2026-02-26T16:00:00Z,2026-02-26T16:15:47Z,auth,auth_enUS_labelerexp,at://did:plc:4ei55u5u5qiyzpyaqzap5ie7/app.bsky.feed.post/3mfqwsvcges2v,bafyreic727enfa3np36uehqkc6vajvwzhpxj2a5qi5qxzr43pwo36wmsoy,did:plc:4ei55u5u5qiyzpyaqzap5ie7,!no-unauthenticated,,at://did:plc:4ei55u5u5qiyzpyaqzap5ie7/app.bsky.actor.profile/self,1970-01-01T00:00:00.000Z
965ae8e86a4a437f98b2037e007f99de,2026-02-26T16:00:00Z,2026-02-26T16:15:47Z,auth,auth_enUS_labelerexp,at://did:plc:sbtcyry7docyhpg7fgunmdqj/app.bsky.feed.post/3mfqq333jjn27,bafyreic2svju3k55f6h4kdsl5exoyicljnaaa3ommrvnglpxffj5wtfdf4,did:plc:ar7c4by46qjdydhdevvrndac,sexual,,at://did:plc:sbtcyry7docyhpg7fgunmdqj/app.bsky.feed.post/3mfqq333jjn27,2026-02-26T08:00:07.143Z
965ae8e86a4a437f98b2037e007f99de,2026-02-26T16:00:00Z,2026-02-26T16:15:47Z,auth,auth_enUS_labelerexp,at://did:plc:ej7mahyialaqrg23jjxpraof/app.bsky.feed.post/3mfqmxxmdos2c,bafyreibeyhtcfdnsvy5y2j6xhckmwzijpikcqp2ldyr6dh5f7zfq22gj5e,did:plc:ej7mahyialaqrg23jjxpraof,!no-unauthenticated,,at://did:plc:ej7mahyialaqrg23jjxpraof/app.bsky.actor.profile/self,1970-01-01T00:00:00.000Z
965ae8e86a4a437f98b2037e007f99de,2026-02-26T16:00:00Z,2026-02-26T16:15:47Z,auth,auth_enUS_labelerexp,at://did:plc:kyjjj4prjd6hat6brqngudtw/app.bsky.feed.post/3mfqhvnklrk2z,bafyreignukj3bgvb5eyqfzvxprlzr5f3iafwx6yq5hcixjykm3yjta24ii,did:plc:l624mewisyr6hymexmrjkprc,artistdesigner,,did:plc:kyjjj4prjd6hat6brqngudtw,2024-10-20T21:33:59.887Z
965ae8e86a4a437f98b2037e007f99de,2026-02-26T16:00:00Z,2026-02-26T16:15:47Z,auth,auth_enUS_labelerexp,at://did:plc:kyjjj4prjd6hat6brqngudtw/app.bsky.feed.post/3mfqhvnklrk2z,bafyreignukj3bgvb5eyqfzvxprlzr5f3iafwx6yq5hcixjykm3yjta24ii,did:plc:l624mewisyr6hymexmrjkprc,streamer,,did:plc:kyjjj4prjd6hat6brqngudtw,2024-10-20T21:34:05.062Z
965ae8e86a4a437f98b2037e007f99de,2026-02-26T16:00:00Z,2026-02-26T16:15:47Z,auth,auth_enUS_labelerexp,at://did:plc:kyjjj4prjd6hat6brqngudtw/app.bsky.feed.post/3mfqhvnklrk2z,bafyreignukj3bgvb5eyqfzvxprlzr5f3iafwx6yq5hcixjykm3yjta24ii,did:plc:kyjjj4prjd6hat6brqngudtw,!no-unauthenticated,,at://did:plc:kyjjj4prjd6hat6brqngudtw/app.bsky.actor.profile/self,1970-01-01T00:00:00.000Z
965ae8e86a4a437f98b2037e007f99de,2026-02-26T16:00:00Z,2026-02-26T16:15:47Z,auth,auth_enUS_labelerexp,at://did:plc:7653lfguegkejpfzokyp7tu7/app.bsky.feed.post/3mfqhgadp222b,bafyreigzzi3m6ve74gm2gdlpyskzdqipkxd4fmk225ob7i6kuk75nmk6p4,did:plc:7653lfguegkejpfzokyp7tu7,!no-unauthenticated,,at://did:plc:7653lfguegkejpfzokyp7tu7/app.bsky.actor.profile/self,1970-01-01T00:00:00.000Z
965ae8e86a4a437f98b2037e007f99de,2026-02-26T16:00:00Z,2026-02-26T16:15:47Z,auth,auth_enUS_labelerexp,at://did:plc:b2hbr575tmv6ueqkszoqnn5b/app.bsky.feed.post/3mfqfrvbofc2e,bafyreihmcs5z5k2y52aal7uvbwoq2sj4icvukrqos77ir3n4j45zihkf6q,did:plc:b2hbr575tmv6ueqkszoqnn5b,!no-unauthenticated,,at://did:plc:b2hbr575tmv6ueqkszoqnn5b/app.bsky.actor.profile/self,1970-01-01T00:00:00.000Z
965ae8e86a4a437f98b2037e007f99de,2026-02-26T16:00:00Z,2026-02-26T16:15:47Z,auth,auth_enUS_labelerexp,at://did:plc:zg2mj5esppfyevaeof4yf7eh/app.bsky.feed.post/3mfqejdkq3k2u,bafyreibaiqrmirkhcqm6uq4gsn2habm5eyx6mzwvvuy6pnxgfyuc3bpj3u,did:plc:zg2mj5esppfyevaeof4yf7eh,!no-unauthenticated,,at://did:plc:zg2mj5esppfyevaeof4yf7eh/app.bsky.actor.profile/self,1970-01-01T00:00:00.000Z
965ae8e86a4a437f98b2037e007f99de,2026-02-26T16:00:00Z,2026-02-26T16:15:47Z,auth,auth_enUS_labelerexp,at://did:plc:l4cc6yj5t5aw4q5ibl4ukvae/app.bsky.feed.post/3mfqayi6fik2v,bafyreih4o52bo6xgunppydidllpvcuglpzhkzaizs22nim73tvvsvbcus4,did:plc:l624mewisyr6hymexmrjkprc,animator,,did:plc:l4cc6yj5t5aw4q5ibl4ukvae,2025-11-27T13:38:39.404Z
965ae8e86a4a437f98b2037e007f99de,2026-02-26T16:00:00Z,2026-02-26T16:15:47Z,auth,auth_enUS_labelerexp,at://did:plc:l4cc6yj5t5aw4q5ibl4ukvae/app.bsky.feed.post/3mfqayi6fik2v,bafyreih4o52bo6xgunppydidllpvcuglpzhkzaizs22nim73tvvsvbcus4,did:plc:l624mewisyr6hymexmrjkprc,artistdesigner,,did:plc:l4cc6yj5t5aw4q5ibl4ukvae,2025-11-27T13:37:40.752Z
965ae8e86a4a437f98b2037e007f99de,2026-02-26T16:00:00Z,2026-02-26T16:15:47Z,auth,auth_enUS_labelerexp,at://did:plc:omkb4ov5w2bintbbbb47lile/app.bsky.feed.post/3mfq5tvqzdk2b,bafyreicnabx5yo4l4jnjq3qwhsrnp7fojfnva4n4zy2wzawwvdbjc3vmrq,did:plc:omkb4ov5w2bintbbbb47lile,!no-unauthenticated,,at://did:plc:omkb4ov5w2bintbbbb47lile/app.bsky.actor.profile/self,1970-01-01T00:00:00.000Z
965ae8e86a4a437f98b2037e007f99de,2026-02-26T16:00:00Z,2026-02-26T16:15:47Z,auth,auth_enUS_labelerexp,at://did:plc:wvgbjnfgkkseawyp464tqpbj/app.bsky.feed.post/3mfq2pzea2k2p,bafyreifzmosle6tccuj6s6ru5vpg4yzrhy7cdsf36ysw2g53lobb2vbnca,did:plc:wvgbjnfgkkseawyp464tqpbj,!no-unauthenticated,,at://did:plc:wvgbjnfgkkseawyp464tqpbj/app.bsky.actor.profile/self,1970-01-01T00:00:00.000Z
965ae8e86a4a437f98b2037e007f99de,2026-02-26T16:00:00Z,2026-02-26T16:15:47Z,auth,auth_enUS_labelerexp,at://did:plc:omkb4ov5w2bintbbbb47lile/app.bsky.feed.post/3mfpy3rv6wc2b,bafyreiawsm3457lp6r7rbrktxulglko2dzqaupaowd2kqsjjzvn4miyqpm,did:plc:omkb4ov5w2bintbbbb47lile,!no-unauthenticated,,at://did:plc:omkb4ov5w2bintbbbb47lile/app.bsky.actor.profile/self,1970-01-01T00:00:00.000Z
965ae8e86a4a437f98b2037e007f99de,2026-02-26T16:00:00Z,2026-02-26T16:15:47Z,auth,auth_enUS_labelerexp,at://did:plc:6prpz47v6xlve22khepfme2n/app.bsky.feed.post/3mfpujyowws2n,bafyreicd2lfowtiimf34qakmmctvjpwjvwirste5eqnzhaccjvx46z564q,did:plc:6prpz47v6xlve22khepfme2n,!no-unauthenticated,,at://did:plc:6prpz47v6xlve22khepfme2n/app.bsky.actor.profile/self,2024-09-04T22:39:12.173Z
965ae8e86a4a437f98b2037e007f99de,2026-02-26T16:00:00Z,2026-02-26T16:15:47Z,auth,auth_enUS_labelerexp,at://did:plc:lgjf6xofrf5oqshnb3twxila/app.bsky.feed.post/3mfpq5wnfqs2d,bafyreib5jafg5diwsp2s66zcug2ryvselqtziarvlg2mfw5d2pbwqdyi5q,did:plc:l624mewisyr6hymexmrjkprc,artistdesigner,,did:plc:lgjf6xofrf5oqshnb3twxila,2024-10-20T23:17:56.829Z
965ae8e86a4a437f98b2037e007f99de,2026-02-26T16:00:00Z,2026-02-26T16:15:47Z,auth,auth_enUS_labelerexp,at://did:plc:lgjf6xofrf5oqshnb3twxila/app.bsky.feed.post/3mfpq5wnfqs2d,bafyreib5jafg5diwsp2s66zcug2ryvselqtziarvlg2mfw5d2pbwqdyi5q,did:plc:l624mewisyr6hymexmrjkprc,l-justvtuber,,did:plc:lgjf6xofrf5oqshnb3twxila,2024-10-20T23:17:53.045Z
965ae8e86a4a437f98b2037e007f99de,2026-02-26T16:00:00Z,2026-02-26T16:15:47Z,auth,auth_enUS_labelerexp,at://did:plc:4tixoizl4fy36fau4cwiz2ms/app.bsky.feed.post/3mfpp6jkhv22v,bafyreic354b6i6nxoeejc4esdqu7ilhcoq7wymr5i66hknfthwjd5nqzr4,did:plc:4tixoizl4fy36fau4cwiz2ms,!no-unauthenticated,,at://did:plc:4tixoizl4fy36fau4cwiz2ms/app.bsky.actor.profile/self,1970-01-01T00:00:00.000Z
965ae8e86a4a437f98b2037e007f99de,2026-02-26T16:00:00Z,2026-02-26T16:15:48Z,auth,auth_enUS_labelerexp,at://did:plc:oenp7isehvr65elhknbdju2b/app.bsky.feed.post/3lbgjkiwfcs2k,bafyreifmafafrnvqurxninlaqzxfhkksundsv7fogpega6lhuec6ec3rwa,did:plc:oenp7isehvr65elhknbdju2b,!no-unauthenticated,,at://did:plc:oenp7isehvr65elhknbdju2b/app.bsky.actor.profile/self,1970-01-01T00:00:00.000Z
965ae8e86a4a437f98b2037e007f99de,2026-02-26T16:00:00Z,2026-02-26T16:15:48Z,auth,auth_enUS_labelerexp,at://did:plc:ddcli4n7xozlvlwv4todpbab/app.bsky.feed.post/3mfrkc4dfhk2h,bafyreihvspqhbx5bok45s7dx5yvf2ojbvgjiivsazvpehs3rjsidmed2ni,did:plc:ddcli4n7xozlvlwv4todpbab,!no-unauthenticated,,at://did:plc:ddcli4n7xozlvlwv4todpbab/app.bsky.actor.profile/self,2025-01-14T03:24:40.660Z
965ae8e86a4a437f98b2037e007f99de,2026-02-26T16:00:00Z,2026-02-26T16:15:48Z,auth,auth_enUS_labelerexp,at://did:plc:s7mmrlsoinmjx3coh6axtffm/app.bsky.feed.post/3mfrk5xmbb22y,bafyreigmw2m5hbrm4csnbwuk4lf3yg6yi2n4256ylpv2l4tpledpvxhb7y,did:plc:uac6er53o2pvr5y2qmvaf7hw,tiktok-link,,at://did:plc:s7mmrlsoinmjx3coh6axtffm/app.bsky.feed.post/3mfrk5xmbb22y,2026-02-26T15:46:59.118Z
965ae8e86a4a437f98b2037e007f99de,2026-02-26T16:00:00Z,2026-02-26T16:15:48Z,auth,auth_enUS_labelerexp,at://did:plc:s7mmrlsoinmjx3coh6axtffm/app.bsky.feed.post/3mfrk5xmbb22y,bafyreigmw2m5hbrm4csnbwuk4lf3yg6yi2n4256ylpv2l4tpledpvxhb7y,did:plc:s7mmrlsoinmjx3coh6axtffm,!no-unauthenticated,,at://did:plc:s7mmrlsoinmjx3coh6axtffm/app.bsky.actor.profile/self,2024-11-14T20:19:05.335Z
965ae8e86a4a437f98b2037e007f99de,2026-02-26T16:00:00Z,2026-02-26T16:15:48Z,auth,auth_enUS_labelerexp,at://did:plc:4yowannyhuedannytzk7xw2c/app.bsky.feed.post/3mfrjgirujs2c,bafyreibii6uh2lkjw4ykxq4ipoch5lulf2amr4wvtc2bj7cnehtqyiijku,did:plc:4yowannyhuedannytzk7xw2c,!no-unauthenticated,,at://did:plc:4yowannyhuedannytzk7xw2c/app.bsky.actor.profile/self,1970-01-01T00:00:00.000Z
965ae8e86a4a437f98b2037e007f99de,2026-02-26T16:00:00Z,2026-02-26T16:15:48Z,auth,auth_enUS_labelerexp,at://did:plc:fdqewgs7xzszrqe6yn2qazlq/app.bsky.feed.post/3mfrjfakrz22n,bafyreiae3qghg5f2defd7kvnuuylsbp3zut4u6wzn6ajgujchbfu2zhaei,did:plc:ar7c4by46qjdydhdevvrndac,needs-review,,did:plc:fdqewgs7xzszrqe6yn2qazlq,2026-02-25T09:21:17.467Z
965ae8e86a4a437f98b2037e007f99de,2026-02-26T16:00:00Z,2026-02-26T16:15:48Z,auth,auth_enUS_labelerexp,at://did:plc:aceck3tsuxef6iyn7cm6zhnc/app.bsky.feed.post/3mfriau5yck2v,bafyreidesl5otzqeta2giqyianiwlgbd3hv2oebmhutajbcsvdcpqqm72y,did:plc:aceck3tsuxef6iyn7cm6zhnc,!no-unauthenticated,,at://did:plc:aceck3tsuxef6iyn7cm6zhnc/app.bsky.actor.profile/self,2024-11-07T10:44:01.011Z
965ae8e86a4a437f98b2037e007f99de,2026-02-26T16:00:00Z,2026-02-26T16:15:48Z,auth,auth_enUS_labelerexp,at://did:plc:acblzsitphgguxpqhnhwj5yk/app.bsky.feed.post/3mfrhqizh222e,bafyreiesarhvhs2kq7zhfapd2upcbqjr6ea47h3gdo2ulz4l44bekwkiwm,did:plc:acblzsitphgguxpqhnhwj5yk,!no-unauthenticated,,at://did:plc:acblzsitphgguxpqhnhwj5yk/app.bsky.actor.profile/self,2024-11-27T03:55:30.339Z
965ae8e86a4a437f98b2037e007f99de,2026-02-26T16:00:00Z,2026-02-26T16:15:48Z,auth,auth_enUS_labelerexp,at://did:plc:omdcasapga2l3fskdbcvvwpo/app.bsky.feed.post/3mfrhmi6cmc2p,bafyreigfdtotlhzkxbd343674vpoqtfjsj2sbrgim25rn74lgyfldc5qza,did:plc:omdcasapga2l3fskdbcvvwpo,!no-unauthenticated,,at://did:plc:omdcasapga2l3fskdbcvvwpo/app.bsky.actor.profile/self,1970-01-01T00:00:00.000Z
965ae8e86a4a437f98b2037e007f99de,2026-02-26T16:00:00Z,2026-02-26T16:15:48Z,auth,auth_enUS_labelerexp,at://did:plc:tejifxrg46btrahh7buwqat6/app.bsky.feed.post/3mfrhlte76k26,bafyreicxzbxybskwijdqcm3r3nsujyzh7f4laazk7rc63qecw5nrg2vxoa,did:plc:tejifxrg46btrahh7buwqat6,!no-unauthenticated,,at://did:plc:tejifxrg46btrahh7buwqat6/app.bsky.actor.profile/self,2024-11-13T17:12:06.120Z
965ae8e86a4a437f98b2037e007f99de,2026-02-26T16:00:00Z,2026-02-26T16:15:48Z,auth,auth_enUS_labelerexp,at://did:plc:y3puzsdl4b7a7g54lpnu2f3s/app.bsky.feed.post/3mfrh6oc4bs2r,bafyreib6p3b7n7icn65wn5kc7onaho6px6m2k63yylsloqrpe2wlx54dci,did:plc:y3puzsdl4b7a7g54lpnu2f3s,!no-unauthenticated,,at://did:plc:y3puzsdl4b7a7g54lpnu2f3s/app.bsky.actor.profile/self,1970-01-01T00:00:00.000Z
965ae8e86a4a437f98b2037e007f99de,2026-02-26T16:00:00Z,2026-02-26T16:15:48Z,auth,auth_enUS_labelerexp,at://did:plc:65vl2eqyomqknulyvpoju5sm/app.bsky.feed.post/3mfrgznlkr222,bafyreicttu6t7pogatj2f5bxbd6kaejluz3ej5lfgtdkguuurdgdhdlb7y,did:plc:65vl2eqyomqknulyvpoju5sm,!no-unauthenticated,,at://did:plc:65vl2eqyomqknulyvpoju5sm/app.bsky.actor.profile/self,1970-01-01T00:00:00.000Z
965ae8e86a4a437f98b2037e007f99de,2026-02-26T16:00:00Z,2026-02-26T16:15:48Z,auth,auth_enUS_labelerexp,at://did:plc:6ok42fkgvaolnmjinrfs3cg3/app.bsky.feed.post/3mfrgym3ack2t,bafyreihvsavgruta63wic5eyn5y7sbnton3frlgqr62kgzsxxllacibf4a,did:plc:6ok42fkgvaolnmjinrfs3cg3,!no-unauthenticated,,at://did:plc:6ok42fkgvaolnmjinrfs3cg3/app.bsky.actor.profile/self,1970-01-01T00:00:00.000Z
965ae8e86a4a437f98b2037e007f99de,2026-02-26T16:00:00Z,2026-02-26T16:15:50Z,auth,auth_enUS_labelerexp,at://did:plc:dd7nzyqh4i6pek4cfrcvjulq/app.bsky.feed.post/3mfrilbmr5k26,bafyreideiqx62zkx3h4uwt772dz32m44xw7ukgm3f6hrrkunbwazqh7a4a,did:plc:dd7nzyqh4i6pek4cfrcvjulq,!no-unauthenticated,,at://did:plc:dd7nzyqh4i6pek4cfrcvjulq/app.bsky.actor.profile/self,1970-01-01T00:00:00.000Z
965ae8e86a4a437f98b2037e007f99de,2026-02-26T16:00:00Z,2026-02-26T16:15:50Z,auth,auth_enUS_labelerexp,at://did:plc:dd7nzyqh4i6pek4cfrcvjulq/app.bsky.feed.post/3mfri53pz5s26,bafyreidjl5favketxkycbh36tvt6yvi75cy2gmp62xcw6zuidniqhkahg4,did:plc:dd7nzyqh4i6pek4cfrcvjulq,!no-unauthenticated,,at://did:plc:dd7nzyqh4i6pek4cfrcvjulq/app.bsky.actor.profile/self,1970-01-01T00:00:00.000Z
965ae8e86a4a437f98b2037e007f99de,2026-02-26T16:00:00Z,2026-02-26T16:15:50Z,auth,auth_enUS_labelerexp,at://did:plc:dd7nzyqh4i6pek4cfrcvjulq/app.bsky.feed.post/3mfrhiptrss26,bafyreigqd6pteaigfmkz65c27erwmhqev2pmew2zif4ppv4wjimnb34igm,did:plc:dd7nzyqh4i6pek4cfrcvjulq,!no-unauthenticated,,at://did:plc:dd7nzyqh4i6pek4cfrcvjulq/app.bsky.actor.profile/self,1970-01-01T00:00:00.000Z
965ae8e86a4a437f98b2037e007f99de,2026-02-26T16:00:00Z,2026-02-26T16:15:50Z,auth,auth_enUS_labelerexp,at://did:plc:dd7nzyqh4i6pek4cfrcvjulq/app.bsky.feed.post/3mfrgzdk6lc26,bafyreifjdxjk7crjygs2rtna4hdb36q4buzqeb3sc6fmqzp4uy2ot7wwei,did:plc:dd7nzyqh4i6pek4cfrcvjulq,!no-unauthenticated,,at://did:plc:dd7nzyqh4i6pek4cfrcvjulq/app.bsky.actor.profile/self,1970-01-01T00:00:00.000Z
965ae8e86a4a437f98b2037e007f99de,2026-02-26T16:00:00Z,2026-02-26T16:15:50Z,auth,auth_enUS_labelerexp,at://did:plc:yxxh7hwp7owwsxs7r6hy63kb/app.bsky.feed.post/3mfrgxymvbc2o,bafyreigtgxkywkilzmtlrkmoz2xv6vup443r7u37ruxiip7vncxlehzm5i,did:plc:yxxh7hwp7owwsxs7r6hy63kb,!no-unauthenticated,,at://did:plc:yxxh7hwp7owwsxs7r6hy63kb/app.bsky.actor.profile/self,1970-01-01T00:00:00.000Z
965ae8e86a4a437f98b2037e007f99de,2026-02-26T16:00:00Z,2026-02-26T16:15:50Z,auth,auth_enUS_labelerexp,at://did:plc:dd7nzyqh4i6pek4cfrcvjulq/app.bsky.feed.post/3mfrglcvijc26,bafyreiab7o6hyxkbpan4qqa2chnqvrwhrb5fkuk6s6wv5sl4udp6n6zddu,did:plc:dd7nzyqh4i6pek4cfrcvjulq,!no-unauthenticated,,at://did:plc:dd7nzyqh4i6pek4cfrcvjulq/app.bsky.actor.profile/self,1970-01-01T00:00:00.000Z
965ae8e86a4a437f98b2037e007f99de,2026-02-26T16:00:00Z,2026-02-26T16:15:50Z,auth,auth_enUS_labelerexp,at://did:plc:v7xgmwh35322ctx244ypnm6m/app.bsky.feed.post/3mfravwqy3k2s,bafyreie5x6ecp2fwgh3zfkiaknn7h33pphedhq262cml5kgotqavavm22e,did:plc:v7xgmwh35322ctx244ypnm6m,!no-unauthenticated,,at://did:plc:v7xgmwh35322ctx244ypnm6m/app.bsky.actor.profile/self,2024-12-02T01:47:19.238Z
965ae8e86a4a437f98b2037e007f99de,2026-02-26T16:00:00Z,2026-02-26T16:15:50Z,auth,auth_enUS_labelerexp,at://did:plc:phc37xrxgik4f2db3mzlpnmh/app.bsky.feed.post/3mfqhohytd22k,bafyreig5vznhkikmvkqprvcn6cy5u4zvqpjpgfjswg447vbsug4ybqlmcu,did:plc:uac6er53o2pvr5y2qmvaf7hw,meta-link,,at://did:plc:phc37xrxgik4f2db3mzlpnmh/app.bsky.feed.post/3mfqhohytd22k,2026-02-26T05:29:56.682Z
965ae8e86a4a437f98b2037e007f99de,2026-02-26T16:00:00Z,2026-02-26T16:15:50Z,auth,auth_enUS_labelerexp,at://did:plc:phc37xrxgik4f2db3mzlpnmh/app.bsky.feed.post/3mfqhohytd22k,bafyreig5vznhkikmvkqprvcn6cy5u4zvqpjpgfjswg447vbsug4ybqlmcu,did:plc:ar7c4by46qjdydhdevvrndac,sexual,,at://did:plc:phc37xrxgik4f2db3mzlpnmh/app.bsky.feed.post/3mfqhohytd22k,2026-02-26T05:29:57.318Z
965ae8e86a4a437f98b2037e007f99de,2026-02-26T16:00:00Z,2026-02-26T16:15:50Z,auth,auth_enUS_labelerexp,at://did:plc:bii2o576sszvunaymlwnjfmu/app.bsky.feed.post/3mfqf4szkts2i,bafyreidkgoyq57stro3lk3jzp6atit7eert4cg73urelaayk5n27wea4pi,did:plc:bii2o576sszvunaymlwnjfmu,!no-unauthenticated,,at://did:plc:bii2o576sszvunaymlwnjfmu/app.bsky.actor.profile/self,1970-01-01T00:00:00.000Z
965ae8e86a4a437f98b2037e007f99de,2026-02-26T16:00:00Z,2026-02-26T16:16:01Z,auth,auth_enUS_labelerexp,at://did:plc:z7l7qd4y5yj4zfqxz3ndca6s/app.bsky.feed.post/3mfrlmkctok2r,bafyreidbbgrtdjr7frpldumsxcoo5c6yqj45dsgoou7qgzatsfy3fccl2i,did:plc:ar7c4by46qjdydhdevvrndac,porn,,at://did:plc:z7l7qd4y5yj4zfqxz3ndca6s/app.bsky.feed.post/3mfrlmkctok2r,2026-02-26T16:13:06.607Z
965ae8e86a4a437f98b2037e007f99de,2026-02-26T16:00:00Z,2026-02-26T16:16:01Z,auth,auth_enUS_labelerexp,at://did:plc:o3tvxnuilruyn5nehfblglk3/app.bsky.feed.post/3mfrlmazg422r,bafyreiftzdhivxp2f4zvxqby6wklb672yoodfvmv2hpziaf7cxpogblxea,did:plc:o3tvxnuilruyn5nehfblglk3,porn,,at://did:plc:o3tvxnuilruyn5nehfblglk3/app.bsky.feed.post/3mfrlmazg422r,2026-02-26T16:12:51.238Z
965ae8e86a4a437f98b2037e007f99de,2026-02-26T16:00:00Z,2026-02-26T16:16:01Z,auth,auth_enUS_labelerexp,at://did:plc:o3tvxnuilruyn5nehfblglk3/app.bsky.feed.post/3mfrlmazg422r,bafyreiftzdhivxp2f4zvxqby6wklb672yoodfvmv2hpziaf7cxpogblxea,did:plc:l624mewisyr6hymexmrjkprc,artistdesigner,,did:plc:o3tvxnuilruyn5nehfblglk3,2024-10-23T11:38:20.430Z
965ae8e86a4a437f98b2037e007f99de,2026-02-26T16:00:00Z,2026-02-26T16:16:01Z,auth,auth_enUS_labelerexp,at://did:plc:o3tvxnuilruyn5nehfblglk3/app.bsky.feed.post/3mfrlmazg422r,bafyreiftzdhivxp2f4zvxqby6wklb672yoodfvmv2hpziaf7cxpogblxea,did:plc:ar7c4by46qjdydhdevvrndac,porn,,at://did:plc:o3tvxnuilruyn5nehfblglk3/app.bsky.actor.profile/self,2024-10-17T23:58:32.113Z
965ae8e86a4a437f98b2037e007f99de,2026-02-26T16:00:00Z,2026-02-26T16:16:01Z,auth,auth_enUS_labelerexp,at://did:plc:ge25dmxc2rbxdqpg2lv7yfvn/app.bsky.feed.post/3mfrlltefq222,bafyreibibmjjqth3msk3aoeofs73xp23nb6qpb4wmc5zkw7x52fjs3j7la,did:plc:ge25dmxc2rbxdqpg2lv7yfvn,nudity,,at://did:plc:ge25dmxc2rbxdqpg2lv7yfvn/app.bsky.feed.post/3mfrlltefq222,2026-02-26T16:12:36.920Z
965ae8e86a4a437f98b2037e007f99de,2026-02-26T16:00:00Z,2026-02-26T16:16:01Z,auth,auth_enUS_labelerexp,at://did:plc:23e6qmug2vwcnsfv2fywuy4b/app.bsky.feed.post/3mfrllkkp3c2n,bafyreiejbzl6b7ytn57tpicwlsfprmzeopvtyt3bwlsoeh6ugkqptdhfl4,did:plc:23e6qmug2vwcnsfv2fywuy4b,!no-unauthenticated,,at://did:plc:23e6qmug2vwcnsfv2fywuy4b/app.bsky.actor.profile/self,1970-01-01T00:00:00.000Z
965ae8e86a4a437f98b2037e007f99de,2026-02-26T16:00:00Z,2026-02-26T16:16:01Z,auth,auth_enUS_labelerexp,at://did:plc:qfwinostecndnbvwwunsmihi/app.bsky.feed.post/3mfrllisfd22j,bafyreifpw7d56p56hcwmubbswoojuixxs2xwvj2v4z66fbobktnttfzboi,did:plc:qfwinostecndnbvwwunsmihi,!no-unauthenticated,,at://did:plc:qfwinostecndnbvwwunsmihi/app.bsky.actor.profile/self,1970-01-01T00:00:00.000Z
965ae8e86a4a437f98b2037e007f99de,2026-02-26T16:00:00Z,2026-02-26T16:16:01Z,auth,auth_enUS_labelerexp,at://did:plc:skdtaqm6rsfyzxkhm52annce/app.bsky.feed.post/3mfrll73cak27,bafyreiadmtf5mqngpentkbzk45jsvvd6t5ucb45k3f7yo2r34o52xc5ggu,did:plc:skdtaqm6rsfyzxkhm52annce,!no-unauthenticated,,at://did:plc:skdtaqm6rsfyzxkhm52annce/app.bsky.actor.profile/self,1970-01-01T00:00:00.000Z
965ae8e86a4a437f98b2037e007f99de,2026-02-26T16:00:00Z,2026-02-26T16:16:01Z,auth,auth_enUS_labelerexp,at://did:plc:o5exgt6gniampdauygxutzq7/app.bsky.feed.post/3mfrlkdusrk2s,bafyreihsyq2chkmutbdvjyhubhk7wwhyedvszjorzlat7nz65xqbfaddx4,did:plc:o5exgt6gniampdauygxutzq7,!no-unauthenticated,,at://did:plc:o5exgt6gniampdauygxutzq7/app.bsky.actor.profile/self,1970-01-01T00:00:00.000Z
965ae8e86a4a437f98b2037e007f99de,2026-02-26T16:00:00Z,2026-02-26T16:16:01Z,auth,auth_enUS_labelerexp,at://did:plc:qfwinostecndnbvwwunsmihi/app.bsky.feed.post/3mfrlk35efc2j,bafyreiewmdhpemdmcfse4xzuypkcq4xyhqe27eeuwyh2qcvdy6sspjsvn4,did:plc:qfwinostecndnbvwwunsmihi,!no-unauthenticated,,at://did:plc:qfwinostecndnbvwwunsmihi/app.bsky.actor.profile/self,1970-01-01T00:00:00.000Z
965ae8e86a4a437f98b2037e007f99de,2026-02-26T16:00:00Z,2026-02-26T16:16:01Z,auth,auth_enUS_labelerexp,at://did:plc:bbz3qqostqq5fimttuksyjlb/app.bsky.feed.post/3mfrljgmdy22h,bafyreidxqz2fqg7lhwq3qaf2kapdlydnhovzwzemafcp6tmhe6vjrodxzq,did:plc:bbz3qqostqq5fimttuksyjlb,!no-unauthenticated,,at://did:plc:bbz3qqostqq5fimttuksyjlb/app.bsky.actor.profile/self,2025-01-08T01:29:27.655Z
965ae8e86a4a437f98b2037e007f99de,2026-02-26T16:00:00Z,2026-02-26T16:16:01Z,auth,auth_enUS_labelerexp,at://did:plc:tbbj7svix3dy2q7buwlkzrxo/app.bsky.feed.post/3mfrljgbxx22i,bafyreicgtgqamasrcmmfepjlauonm6ecjv7l3slwowp5uxm73ncrhcsgjy,did:plc:uac6er53o2pvr5y2qmvaf7hw,abusive,,did:plc:tbbj7svix3dy2q7buwlkzrxo,2024-11-28T12:42:19.388Z
965ae8e86a4a437f98b2037e007f99de,2026-02-26T16:00:00Z,2026-02-26T16:16:01Z,auth,auth_enUS_labelerexp,at://did:plc:tbbj7svix3dy2q7buwlkzrxo/app.bsky.feed.post/3mfrljgbxx22i,bafyreicgtgqamasrcmmfepjlauonm6ecjv7l3slwowp5uxm73ncrhcsgjy,did:plc:uac6er53o2pvr5y2qmvaf7hw,disruptive,,did:plc:tbbj7svix3dy2q7buwlkzrxo,2024-11-28T12:42:19.388Z
965ae8e86a4a437f98b2037e007f99de,2026-02-26T16:00:00Z,2026-02-26T16:16:01Z,auth,auth_enUS_labelerexp,at://did:plc:rumlygkmbbna52ofphb2yvcj/app.bsky.feed.post/3mfrlj3r6m22a,bafyreicc364ftzia5smo5ew4i6mqwmiihbnyl4eljvjuuu6lulkvhr6wsi,did:plc:ar7c4by46qjdydhdevvrndac,porn,,at://did:plc:rumlygkmbbna52ofphb2yvcj/app.bsky.feed.post/3mfrlj3r6m22a,2026-02-26T16:11:06.963Z
965ae8e86a4a437f98b2037e007f99de,2026-02-26T16:00:00Z,2026-02-26T16:16:01Z,auth,auth_enUS_labelerexp,at://did:plc:rumlygkmbbna52ofphb2yvcj/app.bsky.feed.post/3mfrlj3r6m22a,bafyreicc364ftzia5smo5ew4i6mqwmiihbnyl4eljvjuuu6lulkvhr6wsi,did:plc:rumlygkmbbna52ofphb2yvcj,porn,,at://did:plc:rumlygkmbbna52ofphb2yvcj/app.bsky.feed.post/3mfrlj3r6m22a,2026-02-26T16:11:05.065Z
965ae8e86a4a437f98b2037e007f99de,2026-02-26T16:00:00Z,2026-02-26T16:16:01Z,auth,auth_enUS_labelerexp,at://did:plc:26es7ikooak2arm4grv3z2wz/app.bsky.feed.post/3mfrlicd3t22i,bafyreigzk24ofslbhlmfant7rawlbdiarya4ddzyiupcmrx2t7j3dio3ti,did:plc:ar7c4by46qjdydhdevvrndac,porn,,at://did:plc:26es7ikooak2arm4grv3z2wz/app.bsky.feed.post/3mfrlicd3t22i,2026-02-26T16:10:41.128Z
965ae8e86a4a437f98b2037e007f99de,2026-02-26T16:00:00Z,2026-02-26T16:16:01Z,auth,auth_enUS_labelerexp,at://did:plc:26es7ikooak2arm4grv3z2wz/app.bsky.feed.post/3mfrlicd3t22i,bafyreigzk24ofslbhlmfant7rawlbdiarya4ddzyiupcmrx2t7j3dio3ti,did:plc:26es7ikooak2arm4grv3z2wz,porn,,at://did:plc:26es7ikooak2arm4grv3z2wz/app.bsky.feed.post/3mfrlicd3t22i,2026-02-26T16:10:38.388Z
965ae8e86a4a437f98b2037e007f99de,2026-02-26T16:00:00Z,2026-02-26T16:16:01Z,auth,auth_enUS_labelerexp,at://did:plc:64mdicpo7sq4k5bx2z3m2jo6/app.bsky.feed.post/3mfrli57dlk2n,bafyreiees5fynnc4kausqpt3lsakgsvyrv7qx2nl55gan6l7owwstplwty,did:plc:64mdicpo7sq4k5bx2z3m2jo6,!no-unauthenticated,,at://did:plc:64mdicpo7sq4k5bx2z3m2jo6/app.bsky.actor.profile/self,1970-01-01T00:00:00.000Z
965ae8e86a4a437f98b2037e007f99de,2026-02-26T16:00:00Z,2026-02-26T16:16:01Z,auth,auth_enUS_labelerexp,at://did:plc:shmtd76ykcmmw2a5ioc7giq6/app.bsky.feed.post/3mfrlhr6tus2w,bafyreialfofh6q7mf22trqoggndzovmz66db7k4mz4mulos3lpqvsirs4m,did:plc:shmtd76ykcmmw2a5ioc7giq6,!no-unauthenticated,,at://did:plc:shmtd76ykcmmw2a5ioc7giq6/app.bsky.actor.profile/self,1970-01-01T00:00:00.000Z
965ae8e86a4a437f98b2037e007f99de,2026-02-26T16:00:00Z,2026-02-26T16:16:01Z,auth,auth_enUS_labelerexp,at://did:plc:4tiobzq2fh3gmac5pqvodqxi/app.bsky.feed.post/3mfrlh3exts2v,bafyreidqd5kkuaxhmssbru4yug7jyra2l5cciofauld2zf2vyk7wainwde,did:plc:4tiobzq2fh3gmac5pqvodqxi,!no-unauthenticated,,at://did:plc:4tiobzq2fh3gmac5pqvodqxi/app.bsky.actor.profile/self,2025-05-19T12:30:55.136Z
