run_id,snapshot_hour_utc,captured_at_utc,viewer_mode,vantage_id,post_uri,post_cid,label_src,label_val,label_neg,label_uri,label_cts
677ede042caf48c384446ddbc6cc4a83,2026-03-01T13:00:00Z,2026-03-01T13:19:45Z,auth,auth_enUS_labelerexp,at://did:plc:3sn6bogankaicebzdb7liro3/app.bsky.feed.post/3k3icg5ynmh2r,bafyreidwzmwwj2s4mhq64b7afyygzid4tqgauw2u3xnlndsldbupj4s3ne,did:plc:3sn6bogankaicebzdb7liro3,!no-unauthenticated,,at://did:plc:3sn6bogankaicebzdb7liro3/app.bsky.actor.profile/self,1970-01-01T00:00:00.000Z
677ede042caf48c384446ddbc6cc4a83,2026-03-01T13:00:00Z,2026-03-01T13:19:45Z,auth,auth_enUS_labelerexp,at://did:plc:36d3xlhf5gqkmoczikw3t5yf/app.bsky.feed.post/3mfysejmyqi72,bafyreicmzf37hhixxeyvmzidi5fyhoer4t4qwzo23tzksyvhrq6ayoto4u,did:plc:36d3xlhf5gqkmoczikw3t5yf,bridged-from-bridgy-fed-activitypub,,at://did:plc:36d3xlhf5gqkmoczikw3t5yf/app.bsky.actor.profile/self,1970-01-01T00:00:00.000Z
677ede042caf48c384446ddbc6cc4a83,2026-03-01T13:00:00Z,2026-03-01T13:19:45Z,auth,auth_enUS_labelerexp,at://did:plc:gztfhntm6vjr7azkekxz6wej/app.bsky.feed.post/3mfysdqjve22j,bafyreid5ht6nkcq7pyzwmgzrxg6veo7fwxhey3fqsdxsc7cvv7wrzousnu,did:plc:gztfhntm6vjr7azkekxz6wej,!no-unauthenticated,,at://did:plc:gztfhntm6vjr7azkekxz6wej/app.bsky.actor.profile/self,2024-11-12T17:55:44.708Z
677ede042caf48c384446ddbc6cc4a83,2026-03-01T13:00:00Z,2026-03-01T13:19:45Z,auth,auth_enUS_labelerexp,at://did:plc:msian4dqa2rqalf3biilnf3m/app.bsky.feed.post/3mfyscg332k24,bafyreif2wdlnz6tai7uknqvwjj3bw4u2gqaxf4ewrix6dwr7qcdykysn5a,did:plc:uac6er53o2pvr5y2qmvaf7hw,abusive,,did:plc:msian4dqa2rqalf3biilnf3m,2024-12-29T23:15:53.106Z
677ede042caf48c384446ddbc6cc4a83,2026-03-01T13:00:00Z,2026-03-01T13:19:45Z,auth,auth_enUS_labelerexp,at://did:plc:msian4dqa2rqalf3biilnf3m/app.bsky.feed.post/3mfyscg332k24,bafyreif2wdlnz6tai7uknqvwjj3bw4u2gqaxf4ewrix6dwr7qcdykysn5a,did:plc:uac6er53o2pvr5y2qmvaf7hw,disinfo,,did:plc:msian4dqa2rqalf3biilnf3m,2025-01-07T14:50:58.657Z
677ede042caf48c384446ddbc6cc4a83,2026-03-01T13:00:00Z,2026-03-01T13:19:45Z,auth,auth_enUS_labelerexp,at://did:plc:msian4dqa2rqalf3biilnf3m/app.bsky.feed.post/3mfyscg332k24,bafyreif2wdlnz6tai7uknqvwjj3bw4u2gqaxf4ewrix6dwr7qcdykysn5a,did:plc:uac6er53o2pvr5y2qmvaf7hw,disruptive,,did:plc:msian4dqa2rqalf3biilnf3m,2025-01-07T14:50:58.657Z
677ede042caf48c384446ddbc6cc4a83,2026-03-01T13:00:00Z,2026-03-01T13:19:45Z,auth,auth_enUS_labelerexp,at://did:plc:r7rigortz74dxlzq7sk2dqe3/app.bsky.feed.post/3mfysc6k27x2g,bafyreifl7nw3ulrziwdsbfjec3dqgmjdawfa77k3swaq4nktpvbke63diy,did:plc:r7rigortz74dxlzq7sk2dqe3,!no-unauthenticated,,at://did:plc:r7rigortz74dxlzq7sk2dqe3/app.bsky.actor.profile/self,2024-11-14T21:25:37.871Z
677ede042caf48c384446ddbc6cc4a83,2026-03-01T13:00:00Z,2026-03-01T13:19:45Z,auth,auth_enUS_labelerexp,at://did:plc:msian4dqa2rqalf3biilnf3m/app.bsky.feed.post/3mfysbexfil2l,bafyreibq43r47e4ru6fj2uomxcvjp3dforo5wdcsv2hm2ek5kwsvcriely,did:plc:uac6er53o2pvr5y2qmvaf7hw,abusive,,did:plc:msian4dqa2rqalf3biilnf3m,2024-12-29T23:15:53.106Z
677ede042caf48c384446ddbc6cc4a83,2026-03-01T13:00:00Z,2026-03-01T13:19:45Z,auth,auth_enUS_labelerexp,at://did:plc:msian4dqa2rqalf3biilnf3m/app.bsky.feed.post/3mfysbexfil2l,bafyreibq43r47e4ru6fj2uomxcvjp3dforo5wdcsv2hm2ek5kwsvcriely,did:plc:uac6er53o2pvr5y2qmvaf7hw,disinfo,,did:plc:msian4dqa2rqalf3biilnf3m,2025-01-07T14:50:58.657Z
677ede042caf48c384446ddbc6cc4a83,2026-03-01T13:00:00Z,2026-03-01T13:19:45Z,auth,auth_enUS_labelerexp,at://did:plc:msian4dqa2rqalf3biilnf3m/app.bsky.feed.post/3mfysbexfil2l,bafyreibq43r47e4ru6fj2uomxcvjp3dforo5wdcsv2hm2ek5kwsvcriely,did:plc:uac6er53o2pvr5y2qmvaf7hw,disruptive,,did:plc:msian4dqa2rqalf3biilnf3m,2025-01-07T14:50:58.657Z
677ede042caf48c384446ddbc6cc4a83,2026-03-01T13:00:00Z,2026-03-01T13:19:45Z,auth,auth_enUS_labelerexp,at://did:plc:z3ohdsv5fvozyht6woavujt5/app.bsky.feed.post/3mfyrw6ncpk2x,bafyreigcmdxbsmhw2m2c6hsr34suzgt6wvvs3etwzskvytfeuovvaf6i5i,did:plc:uac6er53o2pvr5y2qmvaf7hw,abusive,,did:plc:z3ohdsv5fvozyht6woavujt5,2025-08-07T03:45:16.756Z
677ede042caf48c384446ddbc6cc4a83,2026-03-01T13:00:00Z,2026-03-01T13:19:45Z,auth,auth_enUS_labelerexp,at://did:plc:vwplqq57lkq35h3xk3iwvsyd/app.bsky.feed.post/3mfyo74767k2k,bafyreifqdcgvxbofjbz73mk6pjsv3vbjf2vvbg2fzurgiemcpm2azbw6he,did:plc:ar7c4by46qjdydhdevvrndac,needs-review,,did:plc:vwplqq57lkq35h3xk3iwvsyd,2026-02-28T23:59:25.386Z
677ede042caf48c384446ddbc6cc4a83,2026-03-01T13:00:00Z,2026-03-01T13:19:45Z,auth,auth_enUS_labelerexp,at://did:plc:efgrdzqtpkl3id3ypyecztaf/app.bsky.feed.post/3mfynvoigxk22,bafyreigz6efze3g3bhhftlwlkb6kxufpqm6grlvvyvvlzy4ysqe7se7hj4,did:plc:efgrdzqtpkl3id3ypyecztaf,!no-unauthenticated,,at://did:plc:efgrdzqtpkl3id3ypyecztaf/app.bsky.actor.profile/self,1970-01-01T00:00:00.000Z
677ede042caf48c384446ddbc6cc4a83,2026-03-01T13:00:00Z,2026-03-01T13:19:45Z,auth,auth_enUS_labelerexp,at://did:plc:2gwodhh7hhacaxs3bcwhxvv5/app.bsky.feed.post/3mfyltfs57k2r,bafyreia5qi47x7gq66lajbehs3ygithhcn3hzdnoudu43ci3iccneim7oi,did:plc:2gwodhh7hhacaxs3bcwhxvv5,!no-unauthenticated,,at://did:plc:2gwodhh7hhacaxs3bcwhxvv5/app.bsky.actor.profile/self,1970-01-01T00:00:00.000Z
677ede042caf48c384446ddbc6cc4a83,2026-03-01T13:00:00Z,2026-03-01T13:19:45Z,auth,auth_enUS_labelerexp,at://did:plc:r7xvfsy43zjk35fu36gvjdrc/app.bsky.feed.post/3mfykiv3ylc2i,bafyreifnw5skozg2ioullwuywqs2emvjf6oo2xsqchrbixgrsjnjjpxq54,did:plc:r7xvfsy43zjk35fu36gvjdrc,!no-unauthenticated,,at://did:plc:r7xvfsy43zjk35fu36gvjdrc/app.bsky.actor.profile/self,2024-11-10T02:38:34.228Z
677ede042caf48c384446ddbc6cc4a83,2026-03-01T13:00:00Z,2026-03-01T13:19:45Z,auth,auth_enUS_labelerexp,at://did:plc:5k7kztoga6vmsrklg3uhjzrn/app.bsky.feed.post/3mfyi6zpdfc2x,bafyreid677wb4fm7nnm3asc6wkvmkhrajxydxlv5r6o7i5di2s7lriaoda,did:plc:5k7kztoga6vmsrklg3uhjzrn,!no-unauthenticated,,at://did:plc:5k7kztoga6vmsrklg3uhjzrn/app.bsky.actor.profile/self,1970-01-01T00:00:00.000Z
677ede042caf48c384446ddbc6cc4a83,2026-03-01T13:00:00Z,2026-03-01T13:19:47Z,auth,auth_enUS_labelerexp,at://did:plc:jftzoqbujhobuhc7jt3htygu/app.bsky.feed.post/3mfyrz4bbsk2c,bafyreigwkuy7s7umb7prrb5cvnah5sg2vcul3ski4xcwyvvjv7fp5jqsey,did:plc:jftzoqbujhobuhc7jt3htygu,!no-unauthenticated,,at://did:plc:jftzoqbujhobuhc7jt3htygu/app.bsky.actor.profile/self,1970-01-01T00:00:00.000Z
677ede042caf48c384446ddbc6cc4a83,2026-03-01T13:00:00Z,2026-03-01T13:19:47Z,auth,auth_enUS_labelerexp,at://did:plc:lt3vxqdfspn2re4526vmlln7/app.bsky.feed.post/3mfypuizvs22z,bafyreide2smp5cth2derj6b4wpantedg6fdbyxgwgsyuxde6zsh3uapr4y,did:plc:lt3vxqdfspn2re4526vmlln7,!no-unauthenticated,,at://did:plc:lt3vxqdfspn2re4526vmlln7/app.bsky.actor.profile/self,2024-06-12T21:33:42.154Z
677ede042caf48c384446ddbc6cc4a83,2026-03-01T13:00:00Z,2026-03-01T13:19:47Z,auth,auth_enUS_labelerexp,at://did:plc:joy5geywp5m5rrmaouftcirv/app.bsky.feed.post/3mfyk2oabes2b,bafyreiayknir5azot5m5rksfuhf7qdo3i5nntdxuifthzkeizwf2urcpri,did:plc:joy5geywp5m5rrmaouftcirv,!no-unauthenticated,,at://did:plc:joy5geywp5m5rrmaouftcirv/app.bsky.actor.profile/self,1970-01-01T00:00:00.000Z
677ede042caf48c384446ddbc6cc4a83,2026-03-01T13:00:00Z,2026-03-01T13:19:47Z,auth,auth_enUS_labelerexp,at://did:plc:zveuzmneumwoknqjkmnp4pvc/app.bsky.feed.post/3mfyfopauss2l,bafyreias3fwzqsnmvzhal7epnnggk47rd7reilni3euq7zxtcssiaug5wu,did:plc:zveuzmneumwoknqjkmnp4pvc,!no-unauthenticated,,at://did:plc:zveuzmneumwoknqjkmnp4pvc/app.bsky.actor.profile/self,1970-01-01T00:00:00.000Z
677ede042caf48c384446ddbc6cc4a83,2026-03-01T13:00:00Z,2026-03-01T13:19:47Z,auth,auth_enUS_labelerexp,at://did:plc:sw2dek7u74jxlriba65utp4d/app.bsky.feed.post/3mfydmnpl6s2p,bafyreicby43t5aehqpe7dsmiidpj4lidocr4rts4bez7vryz4m6lbvj5ru,did:plc:sw2dek7u74jxlriba65utp4d,!no-unauthenticated,,at://did:plc:sw2dek7u74jxlriba65utp4d/app.bsky.actor.profile/self,1970-01-01T00:00:00.000Z
677ede042caf48c384446ddbc6cc4a83,2026-03-01T13:00:00Z,2026-03-01T13:19:47Z,auth,auth_enUS_labelerexp,at://did:plc:udftojympckrebzczzz7lwit/app.bsky.feed.post/3mfyayhga4c2v,bafyreiacpp66z5glw47qpe6yeqal7aw4ilxth7cozs3tsqqbws34665qsi,did:plc:udftojympckrebzczzz7lwit,!no-unauthenticated,,at://did:plc:udftojympckrebzczzz7lwit/app.bsky.actor.profile/self,1970-01-01T00:00:00.000Z
677ede042caf48c384446ddbc6cc4a83,2026-03-01T13:00:00Z,2026-03-01T13:19:47Z,auth,auth_enUS_labelerexp,at://did:plc:2ojmdvwgn5yniuawrtl7pt35/app.bsky.feed.post/3mfy34v22mc25,bafyreig52x5saztk5pkgkm35k4cxtkaokeadbf7g3lxvno64l223adu734,did:plc:2ojmdvwgn5yniuawrtl7pt35,!no-unauthenticated,,at://did:plc:2ojmdvwgn5yniuawrtl7pt35/app.bsky.actor.profile/self,1970-01-01T00:00:00.000Z
677ede042caf48c384446ddbc6cc4a83,2026-03-01T13:00:00Z,2026-03-01T13:19:47Z,auth,auth_enUS_labelerexp,at://did:plc:kssexgfjoqhscgsxaq2wbutr/app.bsky.feed.post/3mfxzvxt5zk2h,bafyreidc7sfvtmoq4e5kbze7dwmtf5repp654vk2hulffu2xkahv7cd6wi,did:plc:kssexgfjoqhscgsxaq2wbutr,!no-unauthenticated,,at://did:plc:kssexgfjoqhscgsxaq2wbutr/app.bsky.actor.profile/self,2024-04-19T15:11:29.251Z
677ede042caf48c384446ddbc6cc4a83,2026-03-01T13:00:00Z,2026-03-01T13:19:47Z,auth,auth_enUS_labelerexp,at://did:plc:gwjhzasopkscnrfrje2pxdau/app.bsky.feed.post/3mfxqsabpfc2f,bafyreichffadkqu57cgkrvrbvjudlra37fvsymwid5vknv3i2q6f4fwn6u,did:plc:gwjhzasopkscnrfrje2pxdau,!no-unauthenticated,,at://did:plc:gwjhzasopkscnrfrje2pxdau/app.bsky.actor.profile/self,1970-01-01T00:00:00.000Z
677ede042caf48c384446ddbc6cc4a83,2026-03-01T13:00:00Z,2026-03-01T13:19:47Z,auth,auth_enUS_labelerexp,at://did:plc:yx3muba7we4saykfxbejosds/app.bsky.feed.post/3mfxk2qwuak2n,bafyreigvrimurubqa47vwqemiibwt7wrwm7c2lcxnpfcq2kfnsbq4jhwye,did:plc:yx3muba7we4saykfxbejosds,!no-unauthenticated,,at://did:plc:yx3muba7we4saykfxbejosds/app.bsky.actor.profile/self,1970-01-01T00:00:00.000Z
677ede042caf48c384446ddbc6cc4a83,2026-03-01T13:00:00Z,2026-03-01T13:19:47Z,auth,auth_enUS_labelerexp,at://did:plc:yuwgls6oaes3t5utqbj3vo74/app.bsky.feed.post/3mfxgxstndc2d,bafyreihc7vfx4kpadjlfrojzjbhfjfbnn52ia4j2pwhhj45qkbrmg3an7m,did:plc:yuwgls6oaes3t5utqbj3vo74,!no-unauthenticated,,at://did:plc:yuwgls6oaes3t5utqbj3vo74/app.bsky.actor.profile/self,1970-01-01T00:00:00.000Z
677ede042caf48c384446ddbc6cc4a83,2026-03-01T13:00:00Z,2026-03-01T13:19:47Z,auth,auth_enUS_labelerexp,at://did:plc:dbk23kfjikzh52l4kjn4punr/app.bsky.feed.post/3mfxgbgzuxc2g,bafyreiclj3ocf3gdsginvgio66ellegjrtgjpg5vqne4r5p3f3v4ugqaiy,did:plc:dbk23kfjikzh52l4kjn4punr,!no-unauthenticated,,at://did:plc:dbk23kfjikzh52l4kjn4punr/app.bsky.actor.profile/self,1970-01-01T00:00:00.000Z
677ede042caf48c384446ddbc6cc4a83,2026-03-01T13:00:00Z,2026-03-01T13:19:48Z,auth,auth_enUS_labelerexp,at://did:plc:yg2ph6ezf2l5dktucvjbpoz2/app.bsky.feed.post/3mfyrxyjtxk26,bafyreihkstsxxil7ounkoyowmydx5tltbq2ftpsqxmyprhsaquzfn4r7vi,did:plc:yg2ph6ezf2l5dktucvjbpoz2,!no-unauthenticated,,at://did:plc:yg2ph6ezf2l5dktucvjbpoz2/app.bsky.actor.profile/self,1970-01-01T00:00:00.000Z
677ede042caf48c384446ddbc6cc4a83,2026-03-01T13:00:00Z,2026-03-01T13:19:48Z,auth,auth_enUS_labelerexp,at://did:plc:5yrn7ub56ytoaoq6im6ztrhr/app.bsky.feed.post/3mfyrtle4lc25,bafyreid3m2y3hki57qa64iev6essqcqm7ou32bbrd4sshxpjujlnqw6xnq,did:plc:5yrn7ub56ytoaoq6im6ztrhr,!no-unauthenticated,,at://did:plc:5yrn7ub56ytoaoq6im6ztrhr/app.bsky.actor.profile/self,1970-01-01T00:00:00.000Z
677ede042caf48c384446ddbc6cc4a83,2026-03-01T13:00:00Z,2026-03-01T13:19:48Z,auth,auth_enUS_labelerexp,at://did:plc:5yrn7ub56ytoaoq6im6ztrhr/app.bsky.feed.post/3mfyrkmtqv225,bafyreihgoqrbwhsvatr6f5pdc6zftamahodoq2ux42s4xp37vlvfzninoq,did:plc:5yrn7ub56ytoaoq6im6ztrhr,!no-unauthenticated,,at://did:plc:5yrn7ub56ytoaoq6im6ztrhr/app.bsky.actor.profile/self,1970-01-01T00:00:00.000Z
677ede042caf48c384446ddbc6cc4a83,2026-03-01T13:00:00Z,2026-03-01T13:19:48Z,auth,auth_enUS_labelerexp,at://did:plc:yg2ph6ezf2l5dktucvjbpoz2/app.bsky.feed.post/3mfyrb4vvds26,bafyreielygln73bsu667ggbizfplahn77rrczesmji2sdj7wu3erhly6wa,did:plc:yg2ph6ezf2l5dktucvjbpoz2,!no-unauthenticated,,at://did:plc:yg2ph6ezf2l5dktucvjbpoz2/app.bsky.actor.profile/self,1970-01-01T00:00:00.000Z
677ede042caf48c384446ddbc6cc4a83,2026-03-01T13:00:00Z,2026-03-01T13:19:48Z,auth,auth_enUS_labelerexp,at://did:plc:5yrn7ub56ytoaoq6im6ztrhr/app.bsky.feed.post/3mfyqetx2q225,bafyreidusr354g5t4w4ojnufm33itfgox3ksl7qdaxhr75gptwjcly6s3a,did:plc:5yrn7ub56ytoaoq6im6ztrhr,!no-unauthenticated,,at://did:plc:5yrn7ub56ytoaoq6im6ztrhr/app.bsky.actor.profile/self,1970-01-01T00:00:00.000Z
677ede042caf48c384446ddbc6cc4a83,2026-03-01T13:00:00Z,2026-03-01T13:19:48Z,auth,auth_enUS_labelerexp,at://did:plc:q3bacckqdizuou77wrtf4fah/app.bsky.feed.post/3mfymgaew222a,bafyreihh5aeasomyauw2lt4rtfkucugefe42e5rare63prtb34d333f6nm,did:plc:q3bacckqdizuou77wrtf4fah,!no-unauthenticated,,at://did:plc:q3bacckqdizuou77wrtf4fah/app.bsky.actor.profile/self,1970-01-01T00:00:00.000Z
677ede042caf48c384446ddbc6cc4a83,2026-03-01T13:00:00Z,2026-03-01T13:19:48Z,auth,auth_enUS_labelerexp,at://did:plc:cjcztefw4jko4rc5wizt46jp/app.bsky.feed.post/3mfylxxnct22i,bafyreidyfewwmvdmtb6xo54d5go5tjzyw35isj4zfnrq7mcqthsyb4deky,did:plc:uac6er53o2pvr5y2qmvaf7hw,abusive,,did:plc:cjcztefw4jko4rc5wizt46jp,2025-07-19T14:02:24.793Z
677ede042caf48c384446ddbc6cc4a83,2026-03-01T13:00:00Z,2026-03-01T13:19:48Z,auth,auth_enUS_labelerexp,at://did:plc:cjcztefw4jko4rc5wizt46jp/app.bsky.feed.post/3mfylxxnct22i,bafyreidyfewwmvdmtb6xo54d5go5tjzyw35isj4zfnrq7mcqthsyb4deky,did:plc:uac6er53o2pvr5y2qmvaf7hw,disinfo,,did:plc:cjcztefw4jko4rc5wizt46jp,2025-07-19T14:02:24.793Z
677ede042caf48c384446ddbc6cc4a83,2026-03-01T13:00:00Z,2026-03-01T13:19:48Z,auth,auth_enUS_labelerexp,at://did:plc:cjcztefw4jko4rc5wizt46jp/app.bsky.feed.post/3mfylpuh4r22i,bafyreib42q44q2rvb4sy5xzczcelbtu3vhms6qld3vayf7nriioxulmqce,did:plc:uac6er53o2pvr5y2qmvaf7hw,abusive,,did:plc:cjcztefw4jko4rc5wizt46jp,2025-07-19T14:02:24.793Z
677ede042caf48c384446ddbc6cc4a83,2026-03-01T13:00:00Z,2026-03-01T13:19:48Z,auth,auth_enUS_labelerexp,at://did:plc:cjcztefw4jko4rc5wizt46jp/app.bsky.feed.post/3mfylpuh4r22i,bafyreib42q44q2rvb4sy5xzczcelbtu3vhms6qld3vayf7nriioxulmqce,did:plc:uac6er53o2pvr5y2qmvaf7hw,disinfo,,did:plc:cjcztefw4jko4rc5wizt46jp,2025-07-19T14:02:24.793Z
677ede042caf48c384446ddbc6cc4a83,2026-03-01T13:00:00Z,2026-03-01T13:19:48Z,auth,auth_enUS_labelerexp,at://did:plc:cjcztefw4jko4rc5wizt46jp/app.bsky.feed.post/3mfylnt6qn22i,bafyreichrxpzha6uzxtb52f3c4fdwcfir4scfp34lbqve4biwlxu5ezsre,did:plc:uac6er53o2pvr5y2qmvaf7hw,abusive,,did:plc:cjcztefw4jko4rc5wizt46jp,2025-07-19T14:02:24.793Z
677ede042caf48c384446ddbc6cc4a83,2026-03-01T13:00:00Z,2026-03-01T13:19:48Z,auth,auth_enUS_labelerexp,at://did:plc:cjcztefw4jko4rc5wizt46jp/app.bsky.feed.post/3mfylnt6qn22i,bafyreichrxpzha6uzxtb52f3c4fdwcfir4scfp34lbqve4biwlxu5ezsre,did:plc:uac6er53o2pvr5y2qmvaf7hw,disinfo,,did:plc:cjcztefw4jko4rc5wizt46jp,2025-07-19T14:02:24.793Z
677ede042caf48c384446ddbc6cc4a83,2026-03-01T13:00:00Z,2026-03-01T13:19:48Z,auth,auth_enUS_labelerexp,at://did:plc:5yrn7ub56ytoaoq6im6ztrhr/app.bsky.feed.post/3mfylkxvtv225,bafyreibngbng2d4yrp2gxoah65hgizhx6a2u6aq26o2ipdlkztma7fll6a,did:plc:5yrn7ub56ytoaoq6im6ztrhr,!no-unauthenticated,,at://did:plc:5yrn7ub56ytoaoq6im6ztrhr/app.bsky.actor.profile/self,1970-01-01T00:00:00.000Z
677ede042caf48c384446ddbc6cc4a83,2026-03-01T13:00:00Z,2026-03-01T13:19:48Z,auth,auth_enUS_labelerexp,at://did:plc:5yrn7ub56ytoaoq6im6ztrhr/app.bsky.feed.post/3mfyktle2fk25,bafyreihh3veqoakn2gywgeoipu4rwshrhnxakmciyglkz6j3hksxrd2aem,did:plc:5yrn7ub56ytoaoq6im6ztrhr,!no-unauthenticated,,at://did:plc:5yrn7ub56ytoaoq6im6ztrhr/app.bsky.actor.profile/self,1970-01-01T00:00:00.000Z
677ede042caf48c384446ddbc6cc4a83,2026-03-01T13:00:00Z,2026-03-01T13:19:48Z,auth,auth_enUS_labelerexp,at://did:plc:vkbgiwdmrsl5uldobqrwbdvc/app.bsky.feed.post/3mfykrgrkrc2k,bafyreigfjyh7wrd2mjcyu662bd6o6o234jwk7hxfiqavgs5vejwkx76uyi,did:plc:vkbgiwdmrsl5uldobqrwbdvc,!no-unauthenticated,,at://did:plc:vkbgiwdmrsl5uldobqrwbdvc/app.bsky.actor.profile/self,1970-01-01T00:00:00.000Z
677ede042caf48c384446ddbc6cc4a83,2026-03-01T13:00:00Z,2026-03-01T13:19:48Z,auth,auth_enUS_labelerexp,at://did:plc:vkbgiwdmrsl5uldobqrwbdvc/app.bsky.feed.post/3mfykpiltuk2k,bafyreia2vx6pyvizzrthqeeozhnwjo2sewbs7tuw35rv324cvn5pfe3g7m,did:plc:vkbgiwdmrsl5uldobqrwbdvc,!no-unauthenticated,,at://did:plc:vkbgiwdmrsl5uldobqrwbdvc/app.bsky.actor.profile/self,1970-01-01T00:00:00.000Z
677ede042caf48c384446ddbc6cc4a83,2026-03-01T13:00:00Z,2026-03-01T13:19:48Z,auth,auth_enUS_labelerexp,at://did:plc:5yrn7ub56ytoaoq6im6ztrhr/app.bsky.feed.post/3mfykauxkh225,bafyreigocnd3qmrpu6futevwzvzk5y627do2ziv4kiqhxznvjd27eaxepy,did:plc:5yrn7ub56ytoaoq6im6ztrhr,!no-unauthenticated,,at://did:plc:5yrn7ub56ytoaoq6im6ztrhr/app.bsky.actor.profile/self,1970-01-01T00:00:00.000Z
677ede042caf48c384446ddbc6cc4a83,2026-03-01T13:00:00Z,2026-03-01T13:19:48Z,auth,auth_enUS_labelerexp,at://did:plc:u5v2dwtnyjkjkkvdijutkhyn/app.bsky.feed.post/3mfyitjf4da72,bafyreicxqwyis373v7b5jj4fontlx3ritvxo4luydz3req2ij47753e4gu,did:plc:uac6er53o2pvr5y2qmvaf7hw,altrightlink,,did:plc:u5v2dwtnyjkjkkvdijutkhyn,2025-03-30T16:42:21.983Z
677ede042caf48c384446ddbc6cc4a83,2026-03-01T13:00:00Z,2026-03-01T13:19:48Z,auth,auth_enUS_labelerexp,at://did:plc:u5v2dwtnyjkjkkvdijutkhyn/app.bsky.feed.post/3mfyitjf4da72,bafyreicxqwyis373v7b5jj4fontlx3ritvxo4luydz3req2ij47753e4gu,did:plc:uac6er53o2pvr5y2qmvaf7hw,altrightlink,,at://did:plc:u5v2dwtnyjkjkkvdijutkhyn/app.bsky.actor.profile/self,2025-03-30T16:42:19.963Z
677ede042caf48c384446ddbc6cc4a83,2026-03-01T13:00:00Z,2026-03-01T13:19:48Z,auth,auth_enUS_labelerexp,at://did:plc:u5v2dwtnyjkjkkvdijutkhyn/app.bsky.feed.post/3mfyitjf4da72,bafyreicxqwyis373v7b5jj4fontlx3ritvxo4luydz3req2ij47753e4gu,did:plc:u5v2dwtnyjkjkkvdijutkhyn,bridged-from-bridgy-fed-activitypub,,at://did:plc:u5v2dwtnyjkjkkvdijutkhyn/app.bsky.actor.profile/self,1970-01-01T00:00:00.000Z
677ede042caf48c384446ddbc6cc4a83,2026-03-01T13:00:00Z,2026-03-01T13:19:48Z,auth,auth_enUS_labelerexp,at://did:plc:pgocfwmsqtgalzdomkyftn6e/app.bsky.feed.post/3mfyhxq3wis2z,bafyreigq223vputxc2x2m56s3k2jv2b7zwnrcd6cqb35h6yllzhgbltywq,did:plc:pgocfwmsqtgalzdomkyftn6e,!no-unauthenticated,,at://did:plc:pgocfwmsqtgalzdomkyftn6e/app.bsky.actor.profile/self,2024-11-21T15:49:19.935Z
677ede042caf48c384446ddbc6cc4a83,2026-03-01T13:00:00Z,2026-03-01T13:19:48Z,auth,auth_enUS_labelerexp,at://did:plc:35muwpj5illbauceqqjhsnkm/app.bsky.feed.post/3mfyhxo55pk2e,bafyreidh7quethfigmo2rha2sx3a6yqfmlk6jkmjquayy47hxklu57vvre,did:plc:uac6er53o2pvr5y2qmvaf7hw,disinfo,,did:plc:35muwpj5illbauceqqjhsnkm,2024-12-02T10:46:40.274Z
677ede042caf48c384446ddbc6cc4a83,2026-03-01T13:00:00Z,2026-03-01T13:19:48Z,auth,auth_enUS_labelerexp,at://did:plc:35muwpj5illbauceqqjhsnkm/app.bsky.feed.post/3mfyhxo55pk2e,bafyreidh7quethfigmo2rha2sx3a6yqfmlk6jkmjquayy47hxklu57vvre,did:plc:uac6er53o2pvr5y2qmvaf7hw,review,,did:plc:35muwpj5illbauceqqjhsnkm,2024-12-02T11:06:07.178Z
677ede042caf48c384446ddbc6cc4a83,2026-03-01T13:00:00Z,2026-03-01T13:19:48Z,auth,auth_enUS_labelerexp,at://did:plc:xp2j3uplig2pbqx7gycsgtkr/app.bsky.feed.post/3mfyhu72tgk2u,bafyreig7rcpursazh25hlvr3azouhcj3xthc276k5xdb5qr3xcqn6cug3a,did:plc:uac6er53o2pvr5y2qmvaf7hw,abusive,,did:plc:xp2j3uplig2pbqx7gycsgtkr,2025-10-07T22:36:54.010Z
677ede042caf48c384446ddbc6cc4a83,2026-03-01T13:00:00Z,2026-03-01T13:19:48Z,auth,auth_enUS_labelerexp,at://did:plc:xp2j3uplig2pbqx7gycsgtkr/app.bsky.feed.post/3mfyhu72tgk2u,bafyreig7rcpursazh25hlvr3azouhcj3xthc276k5xdb5qr3xcqn6cug3a,did:plc:uac6er53o2pvr5y2qmvaf7hw,disinfo,,did:plc:xp2j3uplig2pbqx7gycsgtkr,2025-10-07T22:36:54.010Z
677ede042caf48c384446ddbc6cc4a83,2026-03-01T13:00:00Z,2026-03-01T13:19:48Z,auth,auth_enUS_labelerexp,at://did:plc:cjcztefw4jko4rc5wizt46jp/app.bsky.feed.post/3mfyh4vg7fc2i,bafyreibnvc3ykcm52wxyxjjmi4uq3garvczgoknhod6d3vfxyi4tzz27v4,did:plc:uac6er53o2pvr5y2qmvaf7hw,abusive,,did:plc:cjcztefw4jko4rc5wizt46jp,2025-07-19T14:02:24.793Z
677ede042caf48c384446ddbc6cc4a83,2026-03-01T13:00:00Z,2026-03-01T13:19:48Z,auth,auth_enUS_labelerexp,at://did:plc:cjcztefw4jko4rc5wizt46jp/app.bsky.feed.post/3mfyh4vg7fc2i,bafyreibnvc3ykcm52wxyxjjmi4uq3garvczgoknhod6d3vfxyi4tzz27v4,did:plc:uac6er53o2pvr5y2qmvaf7hw,disinfo,,did:plc:cjcztefw4jko4rc5wizt46jp,2025-07-19T14:02:24.793Z
677ede042caf48c384446ddbc6cc4a83,2026-03-01T13:00:00Z,2026-03-01T13:19:48Z,auth,auth_enUS_labelerexp,at://did:plc:vkbgiwdmrsl5uldobqrwbdvc/app.bsky.feed.post/3mfygsdwwak2y,bafyreicanu4wjjahqddtlv6z5rcr7sngax2x52qavsoy7mbrvczyrlu3bm,did:plc:vkbgiwdmrsl5uldobqrwbdvc,!no-unauthenticated,,at://did:plc:vkbgiwdmrsl5uldobqrwbdvc/app.bsky.actor.profile/self,1970-01-01T00:00:00.000Z
677ede042caf48c384446ddbc6cc4a83,2026-03-01T13:00:00Z,2026-03-01T13:19:48Z,auth,auth_enUS_labelerexp,at://did:plc:jgzfen3jr4zhrlcicakj2rcn/app.bsky.feed.post/3mfyerpo37c2q,bafyreialxynzf4oqukhjrhp6notzb5aykqfh6ovxvwa66pyuwih4kvjo5m,did:plc:jgzfen3jr4zhrlcicakj2rcn,!no-unauthenticated,,at://did:plc:jgzfen3jr4zhrlcicakj2rcn/app.bsky.actor.profile/self,2024-11-28T11:25:23.790Z
677ede042caf48c384446ddbc6cc4a83,2026-03-01T13:00:00Z,2026-03-01T13:19:49Z,auth,auth_enUS_labelerexp,at://did:plc:drebiamtudxenqarjzdnj6ng/app.bsky.feed.post/3mfysqzgub32v,bafyreigqa6qfixrd7m53q55nvnvev3ei5w5vg3riav37dlshqu5hcfe76q,did:plc:ar7c4by46qjdydhdevvrndac,needs-review,,did:plc:drebiamtudxenqarjzdnj6ng,2026-02-28T19:02:17.077Z
677ede042caf48c384446ddbc6cc4a83,2026-03-01T13:00:00Z,2026-03-01T13:19:49Z,auth,auth_enUS_labelerexp,at://did:plc:m2yuqynl2cttvi4k5453yegh/app.bsky.feed.post/3mfysql4uzpw2,bafyreibucndkl653wshbxyqyncvwd2frk5c5oz3uv4jezcy4ec6egncgwm,did:plc:m2yuqynl2cttvi4k5453yegh,bridged-from-bridgy-fed-activitypub,,at://did:plc:m2yuqynl2cttvi4k5453yegh/app.bsky.actor.profile/self,1970-01-01T00:00:00.000Z
677ede042caf48c384446ddbc6cc4a83,2026-03-01T13:00:00Z,2026-03-01T13:19:49Z,auth,auth_enUS_labelerexp,at://did:plc:kxungh6pivovmdkpu2cmu7i5/app.bsky.feed.post/3mfyspuynjs2b,bafyreifawmnht7xl7d7wusc4goelfwzh5xwbszymgimoje6trepfq6iyym,did:plc:ar7c4by46qjdydhdevvrndac,sexual,,did:plc:kxungh6pivovmdkpu2cmu7i5,2025-09-20T15:15:04.221Z
677ede042caf48c384446ddbc6cc4a83,2026-03-01T13:00:00Z,2026-03-01T13:19:49Z,auth,auth_enUS_labelerexp,at://did:plc:4jrrhj35kg4jynugbk4lo7mt/app.bsky.feed.post/3l6ncivarjaq2,bafyreieuambyve43dddcv6iudh6ezvzpwhgfyhfumx34djdbde7o2bftxe,did:plc:4jrrhj35kg4jynugbk4lo7mt,bridged-from-bridgy-fed-web,,at://did:plc:4jrrhj35kg4jynugbk4lo7mt/app.bsky.actor.profile/self,1970-01-01T00:00:00.000Z
677ede042caf48c384446ddbc6cc4a83,2026-03-01T13:00:00Z,2026-03-01T13:19:49Z,auth,auth_enUS_labelerexp,at://did:plc:lc6hdhnjkgccd6ysi7e23pll/app.bsky.feed.post/3mfysneyshk2b,bafyreic2qhdnaazgxrv4ap5ufdzawypzqgmadknqqpfsfq3stwwpxe7xkq,did:plc:uac6er53o2pvr5y2qmvaf7hw,disinfo,,did:plc:lc6hdhnjkgccd6ysi7e23pll,2025-01-07T14:50:45.375Z
677ede042caf48c384446ddbc6cc4a83,2026-03-01T13:00:00Z,2026-03-01T13:19:49Z,auth,auth_enUS_labelerexp,at://did:plc:lc6hdhnjkgccd6ysi7e23pll/app.bsky.feed.post/3mfysneyshk2b,bafyreic2qhdnaazgxrv4ap5ufdzawypzqgmadknqqpfsfq3stwwpxe7xkq,did:plc:uac6er53o2pvr5y2qmvaf7hw,disruptive,,did:plc:lc6hdhnjkgccd6ysi7e23pll,2025-01-07T14:50:45.375Z
677ede042caf48c384446ddbc6cc4a83,2026-03-01T13:00:00Z,2026-03-01T13:19:49Z,auth,auth_enUS_labelerexp,at://did:plc:xn5siobjpb462ki7sladxsjz/app.bsky.feed.post/3mfysnhc24iw2,bafyreibr5ty7j4ya6ggsdscc4zsjrdlluae2qucnrj4yiz5p5olih6leiu,did:plc:xn5siobjpb462ki7sladxsjz,bridged-from-bridgy-fed-activitypub,,at://did:plc:xn5siobjpb462ki7sladxsjz/app.bsky.actor.profile/self,1970-01-01T00:00:00.000Z
677ede042caf48c384446ddbc6cc4a83,2026-03-01T13:00:00Z,2026-03-01T13:19:49Z,auth,auth_enUS_labelerexp,at://did:plc:4jrrhj35kg4jynugbk4lo7mt/app.bsky.feed.post/3lmoushxwtpa2,bafyreihqtwjnpw6qd5wgclpomps7dryjitiplsy2wvolai7bxd224i5iyi,did:plc:4jrrhj35kg4jynugbk4lo7mt,bridged-from-bridgy-fed-web,,at://did:plc:4jrrhj35kg4jynugbk4lo7mt/app.bsky.actor.profile/self,1970-01-01T00:00:00.000Z
677ede042caf48c384446ddbc6cc4a83,2026-03-01T13:00:00Z,2026-03-01T13:19:49Z,auth,auth_enUS_labelerexp,at://did:plc:ztsi3cfulr3ahv5ocikkmcvz/app.bsky.feed.post/3mfysm5otmc2l,bafyreifwm7fi3hlcxfzcohqxfrq6vuuxtar3udmczywc2h2kijk3klzydq,did:plc:ztsi3cfulr3ahv5ocikkmcvz,!no-unauthenticated,,at://did:plc:ztsi3cfulr3ahv5ocikkmcvz/app.bsky.actor.profile/self,2024-12-14T06:44:36.673Z
677ede042caf48c384446ddbc6cc4a83,2026-03-01T13:00:00Z,2026-03-01T13:19:49Z,auth,auth_enUS_labelerexp,at://did:plc:7r2w7efegjozzvtwjwtujlhj/app.bsky.feed.post/3mfyskqjcrk2e,bafyreig5lrczvkcfr6kni7k7lbceytxqsywpfyqvkw4m3zxztbsvkz5ame,did:plc:7r2w7efegjozzvtwjwtujlhj,!no-unauthenticated,,at://did:plc:7r2w7efegjozzvtwjwtujlhj/app.bsky.actor.profile/self,1970-01-01T00:00:00.000Z
677ede042caf48c384446ddbc6cc4a83,2026-03-01T13:00:00Z,2026-03-01T13:19:49Z,auth,auth_enUS_labelerexp,at://did:plc:7uk3stzdtbzrtkmhpuccjm4d/app.bsky.feed.post/3mfysk6uz5s2o,bafyreihl2fbxdmtnvt2wzqlcevwddjqynfilsg64bm44ogjigsz7z2ezuy,did:plc:7uk3stzdtbzrtkmhpuccjm4d,!no-unauthenticated,,at://did:plc:7uk3stzdtbzrtkmhpuccjm4d/app.bsky.actor.profile/self,2025-06-05T12:11:57.833Z
677ede042caf48c384446ddbc6cc4a83,2026-03-01T13:00:00Z,2026-03-01T13:19:49Z,auth,auth_enUS_labelerexp,at://did:plc:m3cvbtjzpymyttikqqphu5vu/app.bsky.feed.post/3mfysgpjluc2x,bafyreids6oaxbjxmeurhnchjxxp62o6ncustypss7mhpmbeyvnbinl72om,did:plc:m3cvbtjzpymyttikqqphu5vu,!no-unauthenticated,,at://did:plc:m3cvbtjzpymyttikqqphu5vu/app.bsky.actor.profile/self,1970-01-01T00:00:00.000Z
677ede042caf48c384446ddbc6cc4a83,2026-03-01T13:00:00Z,2026-03-01T13:19:49Z,auth,auth_enUS_labelerexp,at://did:plc:mhu7awluuvo7a4z2rsr6duf6/app.bsky.feed.post/3mfysgfo45s22,bafyreie6bs7hxuqf2rdavdhwlcgxitrir4ggv2n3aal7hyzsqro3hpxhyq,did:plc:mhu7awluuvo7a4z2rsr6duf6,!no-unauthenticated,,at://did:plc:mhu7awluuvo7a4z2rsr6duf6/app.bsky.actor.profile/self,2024-11-07T14:22:55.456Z
677ede042caf48c384446ddbc6cc4a83,2026-03-01T13:00:00Z,2026-03-01T13:19:49Z,auth,auth_enUS_labelerexp,at://did:plc:pmmrxhomwsnfhyazyslg2u5u/app.bsky.feed.post/3mfysgduamm26,bafyreib4vy4gnijnjeclo657qw53ifxigmzymjy536m6tvwylgnwwutbgy,did:plc:uac6er53o2pvr5y2qmvaf7hw,meta-link,,at://did:plc:pmmrxhomwsnfhyazyslg2u5u/app.bsky.actor.profile/self,2025-05-18T15:33:22.881Z
677ede042caf48c384446ddbc6cc4a83,2026-03-01T13:00:00Z,2026-03-01T13:20:08Z,auth,auth_enUS_labelerexp,at://did:plc:st322ysg47c662mwz54d4rp2/app.bsky.feed.post/3mfyt2gav3s2b,bafyreifybqkcoaaxbfjekasaqnfl535tjvvyoxbdol7tioxj2p3izgisgy,did:plc:st322ysg47c662mwz54d4rp2,!no-unauthenticated,,at://did:plc:st322ysg47c662mwz54d4rp2/app.bsky.actor.profile/self,2025-08-11T19:28:10.656Z
677ede042caf48c384446ddbc6cc4a83,2026-03-01T13:00:00Z,2026-03-01T13:20:08Z,auth,auth_enUS_labelerexp,at://did:plc:avk2rljfafkjbh45gpndwi32/app.bsky.feed.post/3mfyswjnfif23,bafyreia5fflvwbmxjohl7dg2lta4a5ocb3x7mjm6eyqzcoyipqilyrswpa,did:plc:avk2rljfafkjbh45gpndwi32,!no-unauthenticated,,at://did:plc:avk2rljfafkjbh45gpndwi32/app.bsky.actor.profile/self,2026-03-01T12:50:50.367Z
677ede042caf48c384446ddbc6cc4a83,2026-03-01T13:00:00Z,2026-03-01T13:20:08Z,auth,auth_enUS_labelerexp,at://did:plc:olczwcepl6pusx3nwfuc2bkk/app.bsky.feed.post/3mfysvq5lzc2m,bafyreiglaycbzcigqixzarts4mzoamodef3rwmtlldfbmxzeglr4r2j35u,did:plc:ar7c4by46qjdydhdevvrndac,sexual,,at://did:plc:olczwcepl6pusx3nwfuc2bkk/app.bsky.feed.post/3mfysvq5lzc2m,2026-03-01T13:12:15.430Z
677ede042caf48c384446ddbc6cc4a83,2026-03-01T13:00:00Z,2026-03-01T13:20:08Z,auth,auth_enUS_labelerexp,at://did:plc:olczwcepl6pusx3nwfuc2bkk/app.bsky.feed.post/3mfysvq5lzc2m,bafyreiglaycbzcigqixzarts4mzoamodef3rwmtlldfbmxzeglr4r2j35u,did:plc:olczwcepl6pusx3nwfuc2bkk,porn,,at://did:plc:olczwcepl6pusx3nwfuc2bkk/app.bsky.feed.post/3mfysvq5lzc2m,2026-03-01T13:12:03.453Z
677ede042caf48c384446ddbc6cc4a83,2026-03-01T13:00:00Z,2026-03-01T13:20:08Z,auth,auth_enUS_labelerexp,at://did:plc:olczwcepl6pusx3nwfuc2bkk/app.bsky.feed.post/3mfysvq5lzc2m,bafyreiglaycbzcigqixzarts4mzoamodef3rwmtlldfbmxzeglr4r2j35u,did:plc:olczwcepl6pusx3nwfuc2bkk,graphic-media,,at://did:plc:olczwcepl6pusx3nwfuc2bkk/app.bsky.feed.post/3mfysvq5lzc2m,2026-03-01T13:12:03.453Z
677ede042caf48c384446ddbc6cc4a83,2026-03-01T13:00:00Z,2026-03-01T13:20:08Z,auth,auth_enUS_labelerexp,at://did:plc:vkjqyxp7bqcrkuqlxuudaxxr/app.bsky.feed.post/3mfysvvdcqs2y,bafyreigvwi7lstikgt4tjuigqgary72o2wzy6aatrrjk7ko5oa5hxjhkgu,did:plc:ar7c4by46qjdydhdevvrndac,porn,,at://did:plc:vkjqyxp7bqcrkuqlxuudaxxr/app.bsky.feed.post/3mfysvvdcqs2y,2026-03-01T13:12:12.507Z
677ede042caf48c384446ddbc6cc4a83,2026-03-01T13:00:00Z,2026-03-01T13:20:08Z,auth,auth_enUS_labelerexp,at://did:plc:vkjqyxp7bqcrkuqlxuudaxxr/app.bsky.feed.post/3mfysvvdcqs2y,bafyreigvwi7lstikgt4tjuigqgary72o2wzy6aatrrjk7ko5oa5hxjhkgu,did:plc:vkjqyxp7bqcrkuqlxuudaxxr,nudity,,at://did:plc:vkjqyxp7bqcrkuqlxuudaxxr/app.bsky.feed.post/3mfysvvdcqs2y,2026-03-01T13:12:08.887Z
677ede042caf48c384446ddbc6cc4a83,2026-03-01T13:00:00Z,2026-03-01T13:20:08Z,auth,auth_enUS_labelerexp,at://did:plc:vkjqyxp7bqcrkuqlxuudaxxr/app.bsky.feed.post/3mfysvvdcqs2y,bafyreigvwi7lstikgt4tjuigqgary72o2wzy6aatrrjk7ko5oa5hxjhkgu,did:plc:vkjqyxp7bqcrkuqlxuudaxxr,!no-unauthenticated,,at://did:plc:vkjqyxp7bqcrkuqlxuudaxxr/app.bsky.actor.profile/self,2026-02-27T06:24:13.304Z
677ede042caf48c384446ddbc6cc4a83,2026-03-01T13:00:00Z,2026-03-01T13:20:08Z,auth,auth_enUS_labelerexp,at://did:plc:gf65dxcjtdjrgq7qllnoeyxz/app.bsky.feed.post/3mfysulscgk2d,bafyreibubkqtapscvqmwgd2g2vdbigwcj4n6bcm6amkxcb5zfrszioghq4,did:plc:ar7c4by46qjdydhdevvrndac,needs-review,,did:plc:gf65dxcjtdjrgq7qllnoeyxz,2026-03-01T11:30:21.305Z
677ede042caf48c384446ddbc6cc4a83,2026-03-01T13:00:00Z,2026-03-01T13:20:08Z,auth,auth_enUS_labelerexp,at://did:plc:ud5bfvtfbjve3xv4odcehf2c/app.bsky.feed.post/3mfysub74w22g,bafyreigvp6nz7y5hhycdre3kuttwelhu7xpkz7jgbs4gqyz5wd3rdb7oqi,did:plc:ar7c4by46qjdydhdevvrndac,porn,,at://did:plc:ud5bfvtfbjve3xv4odcehf2c/app.bsky.feed.post/3mfysub74w22g,2026-03-01T13:11:20.629Z
677ede042caf48c384446ddbc6cc4a83,2026-03-01T13:00:00Z,2026-03-01T13:20:08Z,auth,auth_enUS_labelerexp,at://did:plc:3exma6rqjic7kefdmg7us5y7/app.bsky.feed.post/3mfyssnsxpp2g,bafyreifqqqzo3xiuhvs2ncazweufoiqz7hfhwqifqyggcew3haw4hy6yj4,did:plc:ar7c4by46qjdydhdevvrndac,needs-review,,did:plc:3exma6rqjic7kefdmg7us5y7,2026-03-01T13:13:49.069Z
677ede042caf48c384446ddbc6cc4a83,2026-03-01T13:00:00Z,2026-03-01T13:20:08Z,auth,auth_enUS_labelerexp,at://did:plc:5ccuj47pqragonqxyo35uy5q/app.bsky.feed.post/3mfysshspg242,bafyreihn2roocx7cxh3erof5q5xkirwwm447at5m5tlrmym74pkdqf66wq,did:plc:5ccuj47pqragonqxyo35uy5q,bridged-from-bridgy-fed-web,,at://did:plc:5ccuj47pqragonqxyo35uy5q/app.bsky.actor.profile/self,1970-01-01T00:00:00.000Z
677ede042caf48c384446ddbc6cc4a83,2026-03-01T13:00:00Z,2026-03-01T13:20:08Z,auth,auth_enUS_labelerexp,at://did:plc:h5q5zreyh2lhhyftf7x4oegu/app.bsky.feed.post/3mfysm6g5pc2w,bafyreide2olkrqwepisrnfkvbyotvsbvxp5xkvxozbtppzqvxvvtj2bnga,did:plc:ar7c4by46qjdydhdevvrndac,porn,,at://did:plc:h5q5zreyh2lhhyftf7x4oegu/app.bsky.feed.post/3mfysm6g5pc2w,2026-03-01T13:06:52.299Z
677ede042caf48c384446ddbc6cc4a83,2026-03-01T13:00:00Z,2026-03-01T13:20:08Z,auth,auth_enUS_labelerexp,at://did:plc:h5q5zreyh2lhhyftf7x4oegu/app.bsky.feed.post/3mfysm6g5pc2w,bafyreide2olkrqwepisrnfkvbyotvsbvxp5xkvxozbtppzqvxvvtj2bnga,did:plc:h5q5zreyh2lhhyftf7x4oegu,nudity,,at://did:plc:h5q5zreyh2lhhyftf7x4oegu/app.bsky.feed.post/3mfysm6g5pc2w,2026-03-01T13:06:42.872Z
677ede042caf48c384446ddbc6cc4a83,2026-03-01T13:00:00Z,2026-03-01T13:20:08Z,auth,auth_enUS_labelerexp,at://did:plc:mtieuutlitpicyknltkbxmqp/app.bsky.feed.post/3mfysl5mfvs2y,bafyreidi3vjnjdoa7hmjdd5sv3cyk4a4uwfhxhe6azucr2ehnqkqehxk2i,did:plc:mtieuutlitpicyknltkbxmqp,!no-unauthenticated,,at://did:plc:mtieuutlitpicyknltkbxmqp/app.bsky.actor.profile/self,2026-03-01T12:44:11.766Z
677ede042caf48c384446ddbc6cc4a83,2026-03-01T13:00:00Z,2026-03-01T13:20:08Z,auth,auth_enUS_labelerexp,at://did:plc:7qwastv3zgbejunorrf5ex6v/app.bsky.feed.post/3mfysflude52g,bafyreibopixlg7u72djurroymgb7gpmjt3pzt3gdcur7mopv444ptpak2a,did:plc:ar7c4by46qjdydhdevvrndac,sexual,,at://did:plc:7qwastv3zgbejunorrf5ex6v/app.bsky.feed.post/3mfysflude52g,2026-03-01T13:03:08.677Z
677ede042caf48c384446ddbc6cc4a83,2026-03-01T13:00:00Z,2026-03-01T13:20:08Z,auth,auth_enUS_labelerexp,at://did:plc:7qwastv3zgbejunorrf5ex6v/app.bsky.feed.post/3mfysflude52g,bafyreibopixlg7u72djurroymgb7gpmjt3pzt3gdcur7mopv444ptpak2a,did:plc:ar7c4by46qjdydhdevvrndac,needs-review,,did:plc:7qwastv3zgbejunorrf5ex6v,2026-03-01T13:01:01.912Z
